test05  [
  55.85683 -2.881124 -19.03064 -23.18134 -10.04642 12.26279 -5.631348 -21.49924 -11.35024 -12.28183 -8.876434 -28.16012 -6.583785 
  51.9487 -3.342343 -14.15127 -21.6873 -11.07971 -1.068094 6.380857 2.804389 0.925848 -1.055901 0.6846218 -10.45899 -12.98486 
  53.38854 -0.2291131 -13.54134 -22.06081 -8.898318 5.182926 2.282785 -9.319685 -11.98796 -8.823445 1.824851 -8.446072 -6.941372 
  54.00562 -2.07399 -19.74221 -31.39855 -6.028067 13.81216 4.227966 -9.137901 -24.08741 -23.12183 -1.823882 -11.21384 -7.745942 
  53.18285 -4.495392 -25.51577 -31.77206 -7.176167 10.32607 11.76309 -5.787435 -18.1933 -4.493994 5.017492 -18.13325 -12.17415 
  52.97716 -4.149477 -25.15396 -27.28994 -19.18118 1.260717 10.68664 -10.41039 -4.175901 -5.385352 -1.709859 -10.20738 -6.136802 
  52.15439 -7.032098 -24.43033 -30.65153 -22.80801 -0.4552484 10.68664 7.368796 -0.5090199 -12.61031 -7.939962 -2.533118 -1.488175 
  52.77147 -5.763745 -24.43033 -30.65153 -19.18118 3.834667 12.30131 4.683851 -2.900464 3.655561 1.482782 -7.565419 -15.01163 
  53.18285 -3.342343 -19.43725 -28.41047 -17.10871 11.10076 10.68664 -0.417545 -12.46624 -5.385352 12.20572 1.313231 -4.795852 
  53.38854 1.26985 -16.4893 -30.65153 -12.45743 7.511738 9.610194 -0.6860396 -20.29834 -16.22364 0.0004844666 -1.344299 -1.666969 
  52.97716 -2.996429 -16.38764 -25.04889 -16.59059 7.879445 15.53064 0.656433 -9.118221 0.9814882 4.333355 -8.194456 0.03770035 
  51.9487 -4.380087 -20.96205 -26.91644 -6.028067 9.551387 14.99242 -4.713457 -11.50967 -0.2918797 2.16692 -5.552499 -9.802065 
  51.12594 -6.686183 -21.06371 -29.15749 -15.5573 18.84762 16.60709 -6.592918 -17.35128 -0.5465536 2.623012 -6.684767 -6.404992 
  51.33163 -7.954536 -20.65709 -31.77206 -14.75363 18.07294 21.4511 2.2674 -17.35128 1.745509 9.464386 3.439254 -3.544299 
  50.50887 -7.954536 -14.86284 -24.67538 -11.65376 23.49574 11.76309 3.878367 -6.567347 -11.62486 0.3425531 5.565278 9.85813 
  50.92025 -5.533135 -16.38764 -30.65153 -19.18118 9.93873 10.14842 2.2674 -3.059894 -7.295404 7.411974 -0.8127928 -1.041193 
  52.15439 -4.610696 -23.7067 -30.27802 -19.18118 1.873563 10.68664 -0.6860396 -4.65419 1.745509 10.37816 -6.936381 -13.79557 
  52.36008 -1.84338 -18.31906 -29.90451 -21.25366 1.628425 2.986265 -6.055929 -11.19081 -3.729973 -4.332386 -11.71707 -15.01163 
  50.71455 -6.916793 -17.70914 -23.92836 -12.113 10.71342 3.689743 -11.5011 -16.45199 4.037571 3.307149 -9.200916 -10.60663 
  49.6861 -9.020729 -20.55544 -21.31379 -1.894905 10.32607 -8.093523 -11.86467 -17.77229 1.872846 -3.420203 -24.94364 -18.25447 
  51.74301 -4.956611 -17.70914 -23.55485 -13.03148 -1.190663 1.755177 -6.592918 -4.81362 -9.969477 -11.37369 -25.26528 -20.28124 
  51.33163 -7.723927 -24.79214 -26.91644 -5.454017 11.10076 3.162134 -18.59069 -20.71935 -8.696109 -5.754862 -18.83232 -16.63305 
  50.50887 -8.487633 -20.25048 -20.19327 -11.07971 8.389358 2.458656 -14.59143 -6.248487 0.4721413 5.815653 -2.784733 -6.762578 
  50.92025 -8.487633 -22.1819 -28.41047 -15.21287 7.879445 5.304411 -6.956488 -6.248487 -4.876005 0.2285304 -4.797653 -8.550511 
  50.50887 -8.487633 -18.72568 -22.06081 -12.80186 9.551387 3.689743 -0.1490504 -7.523925 2.254856 12.20572 -7.313804 -15.41698 
  50.50887 -6.570879 -12.72812 -25.79591 -18.66306 11.87545 11.76309 0.1194442 -17.35128 -6.149373 0.2285304 -7.565419 -10.69603 
  51.12594 -6.570879 -22.1819 -33.26609 -12.34262 24.65777 22.52754 1.730411 -22.82438 -9.46013 -1.823882 -5.049269 -2.560936 
  53.79992 -1.382161 -20.8604 -25.04889 -10.27604 17.29825 11.76309 -9.683254 -43.87477 -17.86607 3.307149 -12.09449 -6.226199 
  53.38854 -2.07399 -18.72568 -26.16942 -23.84425 -7.073976 -0.5311279 -9.865038 -17.35128 -11.11551 3.877263 -10.96222 -15.01163 
  53.38854 -6.801488 -21.67363 -28.03696 -16.59059 0.2801657 0.5240898 -11.86467 -10.87195 6.829385 6.727837 -6.181536 -3.723092 
  52.56578 -6.224964 -25.15396 -32.89259 -19.18118 6.04091 7.457303 -4.444963 -15.9737 4.674255 10.07357 -9.57834 -12.98486 
  54.417 -2.189295 -20.35213 -26.54293 -10.39085 5.673203 12.83953 0.656433 -18.61431 -10.47882 8.780249 -15.23968 -16.63305 
  53.59423 -1.151552 -20.25048 -28.41047 -11.76857 7.511738 7.457303 -4.176468 -19.03531 -7.550077 5.70163 -6.055729 -7.567148 
  55.23976 2.653507 -20.96205 -35.88066 -24.36237 9.551387 8.533748 -7.138271 -16.61142 -11.95334 1.368759 -3.036348 -15.01163 
  53.38854 1.50046 -15.47276 -32.51908 -17.62683 9.551387 9.071971 -0.6860396 -17.77229 -5.767362 6.841859 -4.923461 -11.14301 
  51.9487 -5.071916 -22.99512 -32.51908 -16.59059 13.42482 11.22486 0.1194442 -25.35043 -8.568771 7.640019 -6.307343 -5.779215 
  51.74301 -5.071916 -19.3356 -28.41047 -19.6993 8.002014 4.766189 1.461916 -10.0748 -10.22415 0.3425531 -4.042809 -2.918522 
  52.77147 -5.187221 -22.48686 -29.531 -15.44249 1.996132 8.533748 0.9249276 -7.364494 -9.969477 -4.788478 -1.875805 3.311177 
  52.15439 -5.41783 -16.59095 -26.91644 -25.3986 4.447513 14.99242 6.026323 -6.567347 -3.4753 -7.315649 -10.71061 -9.265685 
  52.15439 -4.841306 -15.37111 -23.92836 -13.03148 7.021461 4.227966 1.193422 -8.161643 -6.022036 1.596805 -2.910541 -8.461115 
  50.71455 -6.455574 -15.67607 -23.92836 -17.10871 13.81216 11.22486 -2.833995 -13.26339 -7.804751 0.4565759 -11.84287 -9.802065 
  51.53732 -5.41783 -15.37111 -20.19327 -16.01654 7.511738 9.071971 -9.319685 -19.03531 -12.28183 -2.50802 -2.40731 -7.745942 
  52.77147 -13.8186 -13.23638 -22.43432 -6.716928 12.26279 17.14531 -16.95463 -16.45199 -9.078119 -0.7976761 -8.697687 -12.98486 
  51.74301 -10.08692 -17.60749 -22.43432 -1.894905 12.26279 15.53064 -12.5918 -24.92942 -19.83698 -11.06154 -11.84287 -5.868612 
  53.38854 -1.036247 -15.67607 -25.04889 -4.879967 16.52356 -1.938086 -16.04571 -16.45199 -11.49752 -11.06154 -19.79727 -12.5795 
  52.36008 -5.533135 -15.1678 -16.80314 -9.701988 9.551387 -8.797002 -10.04682 -20.71935 -10.98817 -7.00349 -21.08386 -18.25447 
  60.60666 7.104596 -1.517521 30.52362 -6.602118 -20.06912 10.68664 -35.03109 -37.13865 17.60504 -9.812907 -22.6921 22.58832 
  73.69906 0.1168013 -13.43969 57.12966 -8.783508 -23.40282 -14.6007 -38.47759 4.538455 -16.22364 -22.2992 -11.71707 12.76789 
  86.26775 -6.340269 -24.79214 48.54707 -5.109587 -14.83046 -41.67622 -38.47759 -0.3495903 -0.1645432 -9.188593 -17.2526 17.49624 
  91.50471 -7.378012 -18.52237 36.53143 1.118576 -20.06912 -40.77996 -40.20085 2.679575 2.254856 -19.80194 -12.72353 18.95112 
  96.2646 -10.62002 -14.25292 20.2245 6.542843 -21.49785 -37.19492 -49.67874 9.847116 15.01888 -7.627806 -4.923461 11.67673 
  97.10377 -3.918868 -19.03064 16.79146 -2.698575 -11.973 -38.98744 -52.26362 15.68664 15.88093 -2.051928 -9.200916 15.67764 
  98.94991 -2.53521 -22.28355 9.067128 0.5158799 -12.92549 -38.09118 -48.81711 15.15578 17.60504 5.587607 -3.162155 9.85813 
  99.28558 0.9239349 -25.87759 3.91757 0.8172279 -14.83046 -24.64727 -49.67874 13.03231 22.77735 6.043698 1.844737 8.039533 
  99.62124 2.653507 -27.68666 6.492349 -3.387436 -14.83046 -20.61409 -53.98687 14.09404 21.48427 4.675424 4.502266 7.675813 
  98.78208 8.004939 -33.83751 15.07494 -6.602118 -12.92549 -17.59048 -59.15663 9.847116 18.89812 4.789447 0.2502188 8.403252 
  97.10377 10.40585 -38.90292 24.5158 -4.076296 -11.02052 -22.40661 -58.295 3.157864 20.62222 3.991286 -4.797653 6.584654 
  96.09677 12.20654 -42.88288 29.66536 -4.879967 -6.706269 -27.78418 -52.26362 -0.6684494 22.34632 -4.674455 -9.452532 -1.577573 
  95.25761 14.60745 -43.96833 31.38187 -7.520597 -10.54428 -25.99166 -51.40199 -0.1901588 11.57067 -15.43174 -8.068649 -2.829125 
  94.75412 16.70826 -46.86285 30.52362 -10.04642 -12.44925 -25.54353 -54.8485 -7.523925 3.528224 -14.49527 -13.72999 6.220934 
  93.41146 17.6086 -43.96833 29.66536 -10.27604 -13.87797 -20.16596 -73.80428 -9.277651 3.273551 -8.564278 -9.955762 -1.488175 
  95.25761 12.20654 -33.4757 15.07494 0.8172279 -24.3553 -0.17939 -85.00542 7.192785 -17.2091 2.737034 -11.59126 5.129775 
  94.58629 8.905282 -19.3356 2.4027 1.721272 -16.73543 1.227568 -84.1438 14.62491 -26.73516 8.43818 0.2502188 -3.276109 
  92.81395 8.305053 -16.4893 1.417786 2.02262 -9.591791 -8.269393 -73.80428 7.723651 -25.42123 7.982088 3.97076 1.128859 
  89.40993 9.805625 -21.77528 8.208868 -1.292209 -12.44925 -4.400261 -68.63452 -3.697613 -24.10728 10.68276 -1.344299 6.220934 
  87.577 11.00608 -24.43033 9.067128 -1.894905 -11.973 -23.75101 -65.18802 -2.262745 -22.79335 5.131516 -3.917001 11.67673 
  89.40993 10.40585 -19.64056 4.77583 -11.42414 -13.40173 -15.12831 -64.32639 -3.857042 -13.92425 -8.564278 0.2502188 -5.600422 
  93.0758 7.40471 -13.84631 -2.193569 -6.946548 -20.54537 -5.455479 -54.8485 -5.610768 -11.62486 -8.252121 14.06937 -6.404992 
  95.76111 4.728994 -10.7967 -4.327552 -12.113 -23.40282 4.766189 -45.37061 -2.900464 -11.62486 0.9126678 19.91594 -5.600422 
  98.11076 2.768812 -7.165228 0.4328709 -10.9649 -25.78403 -3.345043 -46.23223 -5.929627 -10.98817 4.903469 22.04196 -6.673182 
  99.62124 1.73107 -10.89835 -2.029417 -13.94996 -26.26028 -5.631348 -39.33922 -4.175901 -13.59576 4.219332 25.231 4.038616 
  100.7961 0.9239349 -12.3215 -7.282297 -13.14629 -20.06912 -3.520912 -41.06247 -9.277651 -7.04073 6.157722 31.07756 -1.130589 
  101.6352 -0.1138082 -14.35457 -7.118144 -12.80186 -14.83046 -8.269393 -41.06247 -12.46624 -1.183237 11.29194 20.97895 -5.779215 
  102.4744 -1.958685 -17.40418 -9.416279 -13.2611 -7.564252 -11.61092 -45.37061 -11.03138 2.000182 12.20572 22.04196 -8.014132 
  103.6492 -3.572953 -18.21741 -6.461535 -10.73528 -5.112871 -13.19374 -47.09386 -10.39366 -1.947258 16.16542 17.25841 -7.567148 
  103.4814 -5.071916 -19.74221 -4.984161 -9.931608 -5.970855 -15.65592 -45.37061 -1.465597 2.254856 23.17104 11.94335 -1.488175 
  103.3135 -6.224964 -18.52237 -0.7161961 -9.127938 -7.564252 -18.29396 -45.37061 2.041855 4.164908 18.29756 3.439254 -7.835339 
  103.1457 -7.147403 -19.13229 -2.193569 -7.635407 -11.973 -19.2697 -44.50898 2.998434 4.674255 24.38941 3.97076 -6.136802 
  103.1457 -7.147403 -17.60749 -2.193569 -4.994777 -13.87797 -19.71783 -47.09386 2.360716 0.4721413 25.60778 1.313231 -9.712668 
  102.8101 -7.954536 -17.60749 -4.655857 -3.846676 -12.92549 -14.42483 -46.23223 2.041855 -2.329268 26.52155 1.844737 -9.265685 
  102.8101 -7.954536 -17.81079 -6.297381 -3.043006 -13.40173 -10.02809 -41.06247 0.2881298 -3.220626 19.82052 -0.2812869 -11.67939 
  101.8031 -7.262708 -18.52237 -6.953992 -2.698575 -17.68791 -3.520912 -40.20085 4.007589 -3.85731 18.60216 2.907748 -10.78543 
  101.1317 -5.879049 -19.64056 -5.312467 -2.124525 -17.21167 -1.586346 -39.33922 6.66192 -5.894699 20.42971 6.096784 -16.2277 
  100.2926 -4.264782 -20.25048 -7.610601 -2.928196 -16.25918 3.162134 -38.47759 -0.1901588 -4.111984 21.34349 13.53787 -17.0384 
  98.94991 -4.610696 -15.47276 -9.744584 -10.04642 -13.87797 7.457303 -34.16946 -3.378753 -1.692585 19.21134 18.32142 -12.5795 
  97.2716 -2.419905 -11.20331 -8.923821 -15.32768 -12.92549 7.457303 -30.72295 3.476723 -9.332792 11.90112 14.60088 -6.226199 
  95.59328 -1.958685 -10.69505 -4.984161 -21.25366 -10.54428 13.37775 -29.86133 9.847116 -16.55213 14.33786 10.88034 -5.689818 
  94.58629 -1.036247 -9.989082 0.4328709 -19.18118 -13.87797 11.22486 -27.31635 5.600187 -19.5085 17.0792 10.34883 -18.65982 
  93.91496 -0.4597225 -13.23638 3.059311 -17.10871 -16.25918 11.76309 -30.72295 8.785384 -17.86607 21.64808 0.7817248 -21.90266 
  94.25062 -2.650515 -8.577155 1.910244 -17.10871 -18.16415 14.99242 -33.30783 8.254518 -11.11551 12.20572 5.565278 -19.87589 
  94.75412 -0.1138082 -9.989082 -0.7161961 -15.78692 -22.92658 19.2982 -29.31598 4.007589 -19.83698 5.359561 19.38443 -16.2277 
  94.58629 0.578021 -11.30497 -2.029417 -14.29439 -22.92658 17.14531 -26.40742 10.37798 -27.72062 4.447378 17.25841 -8.729305 
  93.57929 1.50046 -11.10166 1.253633 -11.30933 -31.0227 14.99242 -29.86133 20.46444 -25.74971 1.140714 7.691301 -2.918522 
  94.25062 2.884117 -15.26945 -2.85018 -8.094647 -23.40282 18.75998 -40.20085 17.81011 -24.10728 8.666225 9.817325 5.129775 
  94.92195 3.460642 -20.35213 -3.178484 -4.076296 -15.78294 17.14531 -51.40199 14.62491 -23.45032 22.56186 3.439254 4.402336 
  94.58629 5.074909 -23.19843 -3.178484 -2.239335 -14.83046 10.14842 -55.71012 15.68664 -13.59576 24.08482 -4.797653 8.039533 
  94.41846 7.104596 -24.06851 -3.835094 1.419924 -16.25918 5.842634 -58.295 23.64963 -13.59576 12.20572 -5.678307 11.67673 
  94.08279 9.805625 -26.2394 -3.342637 2.926665 -13.40173 -1.058737 -55.71012 18.87184 -18.52304 14.64246 -5.929921 18.22368 
  92.02841 11.60631 -27.68666 6.492349 4.132058 -13.40173 -14.95244 -51.40199 17.27924 -15.56668 9.768978 -9.452532 15.31393 
  91.24286 10.40585 -28.77211 14.21668 5.33745 -4.990303 -23.30288 -50.54036 10.90885 -13.92425 12.20572 -8.697687 3.674897 
  91.76656 3.114727 -19.5389 11.64191 5.940146 -1.190663 -25.54353 -38.47759 11.97058 -9.332792 1.254736 -5.426691 -12.5795 
  91.50471 -3.803563 -5.047338 0.2687187 5.638798 -0.7003865 -19.71783 -27.49813 -2.103315 -14.58122 -2.051928 -1.344299 4.766056 
  92.02841 -12.75241 3.424222 -7.282297 1.118576 11.4881 -15.83179 -25.86207 -0.03072929 -18.52304 -1.253767 5.565278 6.220934 
  92.5521 -18.08337 10.48386 -21.31379 7.748235 14.58685 -16.53527 -13.13716 -19.87733 -17.86607 -6.691334 -12.2203 0.40142 
  93.41146 -27.67911 11.89578 -32.14557 5.940146 7.879445 -20.61409 -6.592918 -32.50756 -19.5085 -13.24664 -24.30034 4.766056 
  93.0758 -32.47697 14.01367 -32.51908 14.37789 9.164043 -9.324611 4.683851 -27.45547 -13.59576 -4.674455 -21.08386 4.766056 
  94.25062 -37.80794 13.30771 -35.88066 12.87115 -2.538922 -11.43505 1.193422 -28.71849 -12.9388 -0.4556074 -16.49775 14.95021 
  94.41846 -35.14246 18.24945 -20.19327 4.734754 -7.686821 -16.71114 -8.228979 -27.03446 -11.11551 -7.627806 -11.84287 17.85996 
  95.92894 -35.67555 16.13156 -10.23704 6.844191 -0.5778174 -23.75101 -6.592918 -29.98151 -4.621331 -7.315649 -4.168615 12.40417 
  93.74712 -30.87769 12.60175 -15.32577 -4.305916 1.138149 -10.37983 -8.774332 -34.19159 -5.003342 0.9126678 4.502266 7.312093 
  90.45732 -28.7453 1.306332 -21.6873 -5.109587 9.551387 -5.455479 -19.6814 -18.61431 5.967333 4.789447 4.502266 14.95021 
  89.93362 -21.81504 0.6003686 -11.38611 17.09003 9.551387 -9.148741 5.220839 -2.422175 13.29478 10.07357 -23.3354 3.674897 
  92.02841 -14.88479 2.718258 -5.47662 7.748235 -4.132319 -9.85222 0.9249276 4.538455 1.872846 -5.442703 -22.37045 6.584654 
  91.50471 -11.68621 6.248075 -10.07289 1.721272 -3.887181 -10.5557 -1.760017 -2.900464 -1.183237 2.394966 -10.20738 4.402336 
  92.29025 -7.954536 4.836148 -19.81976 -2.928196 -2.171215 -9.67635 -2.297006 6.131053 7.691438 6.955882 -20.11891 -1.577573 
  93.57929 -3.342343 3.424222 -24.30187 -4.879967 -4.500026 -13.19374 -4.444963 3.157864 8.122463 -2.393997 -25.90858 -4.080679 
  94.92195 -1.497466 1.306332 -29.90451 -3.387436 2.363839 -24.19913 -5.787435 2.360716 11.57067 -9.50075 -26.87352 -3.544299 
  96.2646 -1.728076 -5.753302 -25.79591 6.241494 -8.163063 -24.19913 -10.04682 3.317293 16.31196 -5.754862 -28.80341 2.220018 
  96.43243 -3.342343 -10.69505 -19.07274 5.940146 -7.686821 -30.02483 -22.95352 5.069321 15.44991 -2.165951 -16.37195 -0.3260193 
  96.60027 -4.726001 -14.96449 -12.37102 5.940146 -5.112871 -35.4024 -35.89272 4.007589 10.27759 6.727837 -10.71061 9.85813 
  96.2646 -1.728076 -17.81079 -9.908737 2.02262 -5.358009 -38.09118 -38.47759 6.131053 10.27759 2.851057 -9.326724 6.948373 
  96.2646 -0.5750275 -18.11575 -13.52009 3.529361 -4.990303 -34.05801 -39.33922 3.157864 11.57067 0.9126678 -6.558959 9.494411 
  95.76111 0.1168013 -18.11575 -9.908737 3.529361 0.0350275 -36.74679 -41.9241 -0.5090199 6.398359 8.324157 -0.2812869 13.13161 
  94.92195 2.422898 -17.40418 -11.71441 1.118576 -2.661491 -34.95427 -33.30783 -7.205065 4.674255 6.613813 0.7817248 12.40417 
  94.75412 5.882043 -17.50583 -16.47484 -4.650347 -4.254889 -25.54353 -28.58884 -4.494761 -3.4753 5.017492 5.033772 6.948373 
  93.41146 9.50551 -15.87938 -16.96729 -8.209457 -1.803508 -21.51035 -26.22564 -7.842784 -0.9285641 5.929676 6.62829 9.494411 
  92.29025 7.704824 -10.69505 -16.31068 -7.520597 -8.639305 -23.75101 -14.955 -15.33598 1.108825 1.368759 6.62829 12.76789 
  90.45732 8.305053 -9.989082 -8.923821 -14.29439 -12.44925 -21.06222 -13.8643 -9.118221 -6.27671 5.587607 1.844737 6.948373 
  90.45732 7.104596 -12.62646 -1.208654 -16.24616 -5.970855 -30.47296 -13.13716 -7.045635 -3.729973 21.64808 -7.439611 -6.315595 
  90.45732 6.458567 -14.15127 1.417786 -26.43484 -1.680939 -22.85474 -8.228979 -2.262745 -6.27671 18.29756 -14.10741 -1.577573 
  89.67178 6.458567 -18.0141 3.059311 -34.72474 -3.151767 -10.90744 -3.10249 11.97058 -7.550077 21.64808 -15.74291 -6.851975 
  89.67178 9.205397 -18.42072 9.067128 -35.24285 -1.55837 -13.01787 -2.297006 4.538455 -23.12183 13.11949 -18.00744 -11.14301 
  89.40993 8.605167 -10.69505 3.059311 -36.27909 2.118701 -13.01787 -2.028512 5.069321 -19.83698 -0.5696301 -28.16012 2.220018 
  89.14808 7.704824 -14.25292 1.581938 -42.49651 4.079805 -1.234608 -5.51894 7.723651 -23.12183 -0.2275615 -14.73645 -1.130589 
  90.19547 7.104596 -15.87938 3.91757 -40.94215 0.5253038 0.5240898 -25.13493 0.7664185 -22.46486 4.5614 -12.3461 -9.444478 
  91.50471 5.420824 -20.04717 3.059311 -38.86968 -1.926077 1.755177 -21.49924 4.007589 -10.86083 1.368759 -6.558959 -5.958009 
  93.91496 1.73107 -20.25048 1.417786 -30.06167 0.8930111 6.91908 -26.04385 0.6069889 -3.093289 3.991286 -8.194456 -7.120165 
  95.59328 0.9239349 -24.43033 -1.208654 -28.50731 0.4027348 2.634525 -29.86133 4.007589 2.12752 3.079103 -3.287963 -12.17415 
  96.60027 2.076983 -29.85755 -1.865265 -25.91672 6.776324 2.282785 -33.30783 2.041855 -2.965953 7.525996 -12.3461 -22.30802 
  97.43943 3.345337 -28.41029 -3.342637 -21.77177 2.486408 3.162134 -31.58458 13.56318 -4.748668 12.51031 -12.72353 -16.63305 
  97.10377 3.460642 -30.21937 -1.208654 -20.21742 -2.416353 2.986265 -31.58458 28.42743 -3.984647 21.95267 -21.72715 -1.756366 
  96.7681 3.691251 -30.21937 6.492349 -18.66306 -1.435801 -5.631348 -36.75434 36.92129 -9.078119 23.17104 -29.12506 -0.5048122 
  97.10377 1.846374 -31.66663 10.78365 -18.14495 -2.293784 -16.18353 -26.95278 33.73609 -2.074595 15.86082 -27.51682 2.583738 
  97.2716 0.2321062 -30.58118 19.36624 -15.67211 -3.764612 -30.02483 -24.95315 34.26696 9.415542 12.8149 -23.3354 -2.739729 
  96.7681 0.578021 -29.85755 21.08276 -15.44249 -0.8229556 -35.4024 -24.22601 32.14349 13.29478 9.768978 -17.50421 -1.577573 
  96.2646 3.460642 -33.4757 17.64972 -14.29439 0.770442 -32.71361 -23.49887 28.9583 8.122463 10.37816 -18.83232 2.583738 
  96.60027 -0.5750275 -31.30481 17.64972 -12.57224 5.550633 -34.50613 -24.04423 24.1805 7.691438 11.90112 -19.79727 2.583738 
  96.09677 -2.419905 -30.943 16.79146 -12.22781 1.138149 -30.47296 -14.77322 24.71137 8.55349 7.868065 -12.97514 -1.666969 
  96.09677 -0.5750275 -31.30481 12.50017 -15.67211 7.511738 -27.33605 -17.86355 21.52617 2.382193 9.768978 -15.36549 -2.650332 
  95.76111 1.154545 -28.77211 11.64191 -17.62683 7.389169 -23.75101 -24.22601 12.50145 1.745509 20.42971 -16.87518 -7.835339 
  94.92195 2.768812 -28.41029 14.21668 -19.6993 7.389169 -17.59048 -33.30783 10.37798 -2.456606 28.6537 -19.15397 -12.17415 
  94.41846 5.536128 -31.30481 13.35843 -28.50731 5.182926 -12.49026 -26.04385 7.723651 -4.111984 23.78022 -24.94364 -14.60628 
  93.91496 7.104596 -31.30481 9.067128 -35.24285 0.2801657 -5.103739 -26.58921 -2.422175 -11.62486 18.29756 -23.01375 -8.014132 
  92.81395 5.882043 -30.943 11.64191 -45.0871 -2.78406 -5.631348 -26.22564 -4.81362 -22.79335 18.90675 -20.11891 -8.014132 
  93.41146 6.689177 -33.4757 9.067128 -44.05087 0.0350275 -10.02809 -22.40816 -4.65419 -22.13638 6.271745 -28.48177 -2.739729 
  92.29025 10.10574 -32.75207 9.067128 -45.60522 3.221822 -6.158957 -23.68066 -2.900464 -19.5085 6.613813 -29.12506 -2.292746 
  91.50471 10.70597 -29.85755 10.78365 -47.6777 3.221822 -0.17939 -23.49887 2.839005 -17.2091 7.868065 -27.19517 1.492579 
  90.98102 12.80677 -30.58118 9.067128 -45.60522 5.673203 4.227966 -26.22564 5.600187 -10.60616 7.982088 -29.44671 9.85813 
  90.45732 14.60745 -29.85755 10.78365 -49.75017 -1.680939 7.457303 -12.95537 1.563566 -8.441435 9.464386 -21.40551 8.403252 
  89.67178 15.5078 -27.32485 9.925387 -44.05087 -6.706269 0.6999588 -13.13716 3.476723 4.037571 6.955882 -18.51067 17.85996 
  89.14808 14.30734 -24.79214 15.9332 -40.42404 -6.338562 4.227966 -25.31672 6.66192 3.018877 11.29194 -8.823494 6.584654 
  89.67178 11.00608 -21.16536 11.64191 -45.60522 -4.500026 6.380857 -14.955 1.722996 -3.85731 11.29194 -8.949302 15.67764 
  89.93362 9.205397 -26.2394 6.492349 -40.94215 -3.764612 2.106916 -12.04645 -0.5090199 0.2174673 16.47001 -15.74291 20.04228 
  89.93362 4.38308 -22.48686 7.350608 -44.05087 -8.639305 -8.445262 -15.68214 -8.639933 -5.894699 13.72868 -18.83232 13.13161 
  90.71917 0.80863 -22.99512 -3.014332 -43.53275 7.879445 -11.96266 -17.68177 -9.755939 0.2174673 9.464386 -10.45899 16.04136 
  90.71917 2.999422 -18.62402 2.895159 -34.72474 17.68559 -13.19374 -20.59032 -12.7851 -4.111984 12.8149 -16.62356 12.40417 
  85.22036 4.613689 -19.94552 3.91757 -36.79721 15.36153 1.051699 -4.176468 -10.71252 -1.819921 13.11949 -14.48483 6.948373 
  82.86373 1.154545 -22.69016 0.1045666 -22.28989 8.7767 1.403439 -4.713457 -9.59651 -1.947258 5.815653 -9.326724 6.584654 
  78.41232 2.653507 -34.92296 -2.357721 -42.49651 3.589529 -4.224391 -21.86281 -19.87733 -18.19456 5.70163 -11.96868 -0.7730026 
  76.84123 5.420824 -30.21937 -2.521874 -39.90592 5.182926 8.533748 -15.86392 -15.33598 -9.969477 7.982088 -14.48483 -3.007919 
  75.27014 8.605167 -28.04848 -8.759669 -28.50731 8.7767 -1.762217 -19.6814 -20.71935 -10.60616 -6.067019 -24.62199 -7.388355 
  74.22276 9.805625 -28.41029 -16.63899 -36.79721 3.344391 -1.234608 -22.58995 -19.87733 -12.28183 -0.7976761 -19.79727 -8.014132 
  72.65166 5.420824 -29.49574 -14.83331 -32.13414 1.505856 -13.54548 -25.68029 -22.40338 -5.003342 12.20572 -25.90858 -8.371718 
  75.27014 -3.572953 -6.459265 -24.67538 -10.27604 2.608977 -13.01787 -22.0446 -27.87648 1.745509 -22.61136 -10.45899 -3.365505 
  83.91113 -13.8186 -7.871192 -37.3747 -17.10871 -4.377458 -19.71783 -24.77136 -11.98796 -3.729973 -8.876434 -1.344299 -9.176289 
  82.86373 -14.35169 -8.577155 -40.36277 -22.80801 1.628425 -18.29396 -25.4985 0.4475594 -4.111984 -21.05057 6.096784 -11.5006 
  84.17297 -9.020729 -9.283118 -32.51908 0.5158799 27.36917 -25.54353 -14.955 19.93357 7.260412 -23.54783 -29.44671 0.7651396 
  87.31515 -9.553825 -7.165228 -27.66345 4.132058 25.04511 -14.42483 -20.95389 26.30397 10.27759 -14.18311 -8.949302 9.85813 
  88.62438 -4.264782 -4.341375 -22.43432 8.049582 7.756876 -19.71783 -18.59069 19.93357 11.57067 -4.788478 -15.36549 13.85905 
  88.36253 -3.227038 -0.1055951 -25.04889 0.8172279 11.87545 -9.324611 -9.501469 16.74837 6.398359 0.1145072 -24.94364 18.22368 
  89.93362 -0.8056374 -0.8115587 -31.77206 5.036102 22.33371 -26.88792 -12.95537 21.52617 11.13965 -1.025722 -30.09001 12.04045 
  93.0758 -0.6903324 -11.60993 -21.31379 3.228013 8.002014 -23.75101 -0.417545 18.87184 9.846568 1.596805 -29.44671 0.7651396 
  97.94292 -8.487633 -13.33804 -18.32572 -0.3881645 9.93873 -20.61409 -9.501469 21.52617 8.55349 3.763241 -28.48177 -0.8623991 
  98.11076 -7.839231 -11.30497 -15.98238 -0.3881645 2.608977 -26.88792 -9.137901 24.1805 8.55349 5.815653 -26.55188 -2.829125 
  97.2716 -7.032098 -8.577155 -13.19179 2.02262 -0.08754158 -30.02483 -13.31894 23.11877 8.122463 8.096111 -23.97869 -5.242836 
  94.41846 -5.071916 -5.753302 -7.118144 4.433405 1.750994 -32.26548 -21.68103 19.40271 9.846568 10.07357 -24.94364 -3.991282 
  91.76656 -2.765819 -4.341375 -1.208654 4.734754 5.550633 -32.71361 -22.58995 6.131053 5.536307 14.94705 -21.72715 -0.3260193 
  89.40993 0.578021 -5.753302 3.059311 9.556324 2.24127 -31.36922 -17.3182 -2.422175 0.5994778 16.47001 -24.62199 6.948373 
  88.10069 0.578021 -1.517521 -0.2237396 12.87115 8.7767 -33.16174 -10.77396 -13.74168 -2.329268 12.8149 -16.49775 4.766056 
  87.31515 -2.07399 6.248075 0.2687187 7.145539 13.81216 -34.50613 -8.956116 -8.161643 -10.98817 22.25726 -15.74291 -10.07026 
  87.83884 -5.994354 11.89578 -7.774755 1.118576 15.36153 -24.64727 0.3879389 -10.87195 -11.24284 18.29756 -14.10741 -7.924735 
  88.10069 -12.75241 18.24945 -12.04272 7.748235 8.7767 -24.19913 5.220839 2.520145 -11.95334 17.99297 -15.23968 -8.282322 
  87.83884 -15.41789 21.77927 -15.32577 2.625317 12.65013 -14.24896 4.415356 12.50145 -18.85152 10.98735 -10.45899 -8.818702 
  88.10069 -20.74885 28.8389 -17.62391 -0.3881645 9.551387 -3.696782 -3.907973 21.52617 -16.88062 -5.442703 0.2502188 -12.98486 
  87.577 -24.48053 33.07468 -20.56678 2.02262 11.4881 5.304411 -23.1353 19.93357 -5.130678 -6.379177 -5.300883 -14.20092 
  87.0533 -27.14601 29.54487 -22.43432 4.734754 23.1084 -6.334826 -21.13567 19.40271 -2.583942 -14.49527 -6.936381 -12.98486 
  86.00591 -29.2784 26.72101 -19.07274 5.036102 24.27043 -4.92787 -23.49887 17.81011 9.846568 -21.05057 -15.23968 -5.332232 
  85.74406 -36.20865 23.1912 -19.81976 2.625317 15.74888 0.1723499 -22.0446 26.83483 12.86375 -10.43722 -29.12506 -3.723092 
  84.69667 -38.87413 18.24945 -13.35594 -11.76857 7.2666 6.380857 -18.77248 11.43971 13.29478 -11.99801 -21.08386 -2.113953 
  83.64928 -30.34459 19.66138 -8.759669 -11.30933 1.628425 -5.279609 -25.86207 11.97058 18.89812 -16.36821 -20.76221 -9.086891 
  85.22036 -16.48408 23.89716 2.731007 -7.865027 -2.416353 -5.983088 -38.47759 6.131053 16.31196 -1.709859 -20.76221 -7.209562 
  85.74406 -7.378012 20.36734 1.253633 -6.142877 -6.951407 -12.13853 -34.16946 2.041855 12.43272 6.157722 -23.3354 -17.84912 
  88.36253 -4.610696 11.89578 -4.491704 -4.076296 -3.519474 -16.00766 -36.75434 4.007589 3.910234 -3.078134 -8.571879 -23.52408 
  88.36253 -3.918868 9.071928 -5.804924 -0.08681633 -0.7003865 -17.23874 -45.37061 7.723651 -6.27671 -10.43722 -6.307343 -30.82047 
  86.79145 -2.07399 9.777892 -3.342637 5.638798 -3.396905 -11.08331 -47.95549 7.723651 -13.26728 -2.50802 -11.96868 -29.19905 
  84.95851 0.80863 12.60175 2.566853 11.66576 -23.40282 -0.5311279 -25.31672 1.722996 -25.09274 4.903469 -23.3354 -27.17228 
  83.91113 2.538203 16.13156 3.059311 11.36441 -30.54646 3.689743 -13.50073 -4.494761 -29.36304 2.16692 -23.01375 -23.52408 
  82.34003 4.38308 15.4256 7.350608 10.76172 -36.73761 0.3482189 -2.565501 -10.55309 -21.80789 -0.2275615 -32.01989 -23.52408 
  80.5071 4.728994 18.95542 7.350608 15.58329 -38.16634 -2.289825 -7.138271 -17.35128 -15.23819 -0.1135387 -31.3766 -25.1455 
  79.19786 6.804482 18.95542 3.91757 6.542843 -34.3564 0.6999588 -11.31931 -13.74168 -15.89516 -4.674455 -38.13121 -21.90266 
  76.84123 4.498384 18.95542 3.91757 5.33745 -25.78403 1.579308 -18.22712 -14.06054 -23.45032 -2.279974 -34.59308 -16.63305 
  73.69906 2.192288 10.48386 -0.05958748 -0.3881645 -15.3067 -2.289825 -20.95389 -14.69826 -11.95334 12.51031 -32.34154 -19.06518 
  73.17536 2.538203 14.71964 0.9253292 7.748235 -17.68791 -1.058737 -26.77099 0.925848 -5.003342 -0.1135387 -32.01989 -25.55086 
  72.38982 7.40471 14.71964 3.91757 3.529361 -8.163063 -4.400261 -12.22824 -7.205065 -19.5085 -7.939962 -24.62199 -15.82234 
  71.60427 2.422898 21.07331 9.067128 3.228013 6.04091 -18.29396 -26.04385 -18.61431 -10.98817 -7.00349 -16.87518 -15.01163 
  82.07819 -22.88124 26.72101 4.77583 4.734754 13.03747 -47.05378 -14.955 -3.538183 -13.59576 -16.99253 -23.65704 -8.818702 
  82.86373 -26.61292 13.30771 -3.178484 12.26846 11.4881 -42.12435 -23.1353 -1.943886 -11.62486 -25.10862 -17.2526 -16.2277 
  80.76895 -21.28195 -3.635412 -7.282297 13.47385 11.4881 -25.0954 -40.20085 -20.29834 0.09013081 -21.05057 -22.0488 -11.05362 
  82.86373 -18.08337 -16.4893 -3.342637 3.830709 21.17168 -15.48005 -21.86281 -20.29834 2.382193 -15.7439 -15.86872 -9.086891 
  83.64928 -13.2855 -17.81079 1.417786 2.323969 13.03747 -12.842 -12.95537 -13.26339 19.76017 -8.564278 -18.83232 -14.20092 
  84.69667 -6.686183 -20.45378 -7.118144 -7.635407 12.65013 -14.42483 -14.59143 14.62491 28.81171 -24.17215 0.7817248 -3.812489 
  84.43481 -4.726001 -21.67363 -6.953992 -6.602118 19.62231 -22.85474 -28.58884 6.131053 31.8289 -16.99253 9.817325 0.40142 
  85.74406 3.921861 -21.97859 -14.83331 -5.913257 5.428064 -18.46983 -18.59069 -3.538183 28.38069 -21.98705 -4.168615 -1.219986 
  87.31515 10.70597 -12.42316 -17.78806 -13.94996 11.4881 -11.43505 -26.77099 9.847116 15.01888 -11.68585 2.376242 -23.11873 
  89.67178 10.40585 -11.60993 -23.18134 -4.420726 14.1995 -34.05801 -18.77248 20.46444 24.93248 -17.61684 8.222807 -37.71151 
  92.29025 9.205397 -21.87694 -23.92836 -3.043006 6.531186 -38.98744 -10.59218 17.27924 26.65658 -21.98705 16.7269 -30.82047 
  94.58629 6.804482 -30.943 -11.22196 -9.242748 -3.642043 -30.92109 -14.59143 11.43971 26.65658 -22.2992 6.62829 -25.95621 
  94.75412 6.804482 -34.56114 -0.3878918 -12.34262 -10.54428 -31.36922 -14.59143 13.56318 21.48427 -23.23568 -2.40731 -14.20092 
  94.41846 6.804482 -34.19933 3.91757 -11.19452 -13.87797 -37.19492 -12.22824 12.50145 22.34632 -20.73842 -1.344299 -6.851975 
  94.25062 8.004939 -34.19933 5.634089 -10.85009 -14.35422 -36.29866 -14.59143 13.03231 16.31196 -18.86547 -8.949302 -0.6836061 
  92.81395 10.40585 -34.56114 7.350608 -8.668697 -14.83046 -38.53931 -16.95463 6.131053 13.7258 -15.7439 -6.055729 -8.550511 
  91.24286 12.20654 -34.19933 14.21668 -7.405787 -14.35422 -34.95427 -24.04423 -3.378753 8.984515 -16.05606 -2.784733 -10.60663 
  88.36253 16.40814 -33.11388 12.50017 -4.650347 -7.686821 -27.33605 -32.44621 -8.161643 -2.838615 -7.939962 -2.910541 -12.17415 
  84.69667 20.90985 -27.32485 2.074396 -2.354145 -6.951407 -20.16596 -30.72295 -11.35024 -1.565248 3.079103 -10.71061 -10.69603 
  82.60188 22.41043 -24.43033 3.91757 3.228013 -8.163063 -23.75101 -23.1353 -7.683354 -9.46013 1.710828 -4.168615 -11.5006 
  82.60188 21.20997 -25.51577 6.492349 5.33745 -0.08754158 -17.59048 -24.77136 -12.46624 -13.59576 -7.315649 -2.658926 -7.209562 
  83.12558 22.71054 -26.60122 2.731007 12.56981 1.873563 -24.19913 -26.22564 -20.29834 -16.55213 2.280942 -2.533118 -4.974646 
  84.95851 23.911 -26.60122 9.925387 -2.928196 -5.480578 -15.30418 -45.37061 -18.1933 8.55349 -0.7976761 -3.791193 -3.723092 
  85.22036 24.81134 -30.943 15.9332 2.625317 -13.87797 -18.82157 -41.06247 -17.35128 5.536307 -3.762272 -2.533118 -0.7730026 
  85.48221 25.71169 -32.39025 14.21668 7.145539 -15.3067 -20.16596 -33.30783 -22.40338 -2.074595 -1.253767 -13.47837 7.675813 
  85.22036 24.81134 -30.943 10.78365 10.76172 -17.68791 -27.78418 -29.86133 -24.08741 1.490835 2.737034 -15.6171 1.492579 
  84.43481 23.911 -28.77211 7.350608 8.049582 -11.973 -23.30288 -28.77062 -26.19245 4.164908 1.254736 -13.85579 -1.756366 
  80.5071 18.80906 -23.50339 5.634089 9.556324 -5.23544 -23.30288 -17.13642 -18.1933 -2.711279 -11.99801 -21.40551 -0.3260193 
  77.36493 15.20768 -19.43725 3.91757 6.241494 -10.54428 -25.0954 -14.22787 -13.90111 1.108825 -6.691334 -14.10741 9.85813 
  78.67416 17.00837 -17.81079 7.350608 12.26846 -2.538922 -25.0954 -30.72295 -22.82438 -9.332792 -7.939962 -21.72715 -4.527662 
  78.41232 19.7094 -11.60993 5.634089 10.46037 -1.680939 -15.30418 -22.22638 -25.77144 -6.65872 -12.31017 -19.79727 -5.242836 
  77.88863 19.7094 -9.283118 7.350608 6.844191 9.164043 -19.2697 -27.67991 -10.39366 -16.88062 -2.622043 -13.22676 -7.209562 
  77.88863 17.00837 -11.60993 11.64191 2.926665 3.589529 -16.887 -11.5011 -13.58225 -24.43577 21.34349 -11.33964 -12.98486 
  77.36493 17.90871 -9.989082 10.78365 5.33745 7.144031 -13.36961 -9.865038 -18.1933 -30.67699 25.30319 -15.23968 -12.5795 
  83.91113 17.30848 -23.7067 10.78365 -12.91667 -3.029198 6.91908 -22.77173 2.839005 -5.767362 14.03327 -4.042809 -10.69603 
  92.81395 10.40585 -31.30481 1.581938 -18.14495 -3.274336 10.14842 -27.67991 3.476723 12.43272 21.95267 -1.875805 -15.01163 
  97.60726 1.846374 -30.21937 -2.029417 -15.21287 2.608977 1.227568 -28.04348 4.007589 13.29478 18.90675 -11.21384 -16.63305 
  98.61425 -3.111733 -30.943 -3.506789 -14.29439 3.099253 1.579308 -23.31709 8.785384 10.70862 11.29194 -17.00098 -16.2277 
  97.60726 -5.071916 -32.75207 -4.984161 -15.90173 1.873563 -2.993303 -23.1353 11.97058 10.70862 8.096111 -21.72715 -13.79557 
  97.2716 -7.147403 -33.83751 -10.56535 -15.90173 3.099253 -5.807218 -20.22675 14.09404 8.55349 9.236341 -25.26528 -8.997495 
  96.93593 -6.916793 -29.13392 -9.416279 -11.42414 0.4027348 -7.917653 -23.68066 11.97058 3.018877 2.508988 -26.87352 -9.265685 
  94.58629 -4.495392 -26.96303 -10.23704 -10.62047 -1.435801 -14.95244 -19.13605 17.81011 4.674255 10.07357 -21.08386 -10.60663 
  90.71917 -0.4597225 -27.32485 -7.446449 -11.07971 3.344391 -17.23874 -22.58995 7.723651 1.236162 13.72868 -17.12679 -8.461115 
  86.79145 4.613689 -28.41029 8.208868 -17.62683 7.144031 -7.214175 -13.68251 -8.480502 -5.385352 20.7343 -24.94364 -6.673182 
  86.26775 9.50551 -26.2394 13.35843 -13.03148 10.71342 -9.148741 -12.5918 -11.35024 -15.23819 11.59653 -27.51682 -3.812489 
  83.64928 9.50551 -28.77211 13.35843 -12.113 6.776324 -7.038305 -16.95463 -2.103315 -2.583942 16.47001 -27.83847 -3.901886 
  83.91113 11.00608 -26.60122 15.9332 -6.946548 7.389169 -14.95244 -17.3182 -17.77229 -4.876005 24.38941 -31.3766 -10.96422 
  82.86373 12.20654 -24.43033 15.07494 -3.846676 1.750994 -11.61092 -33.30783 -13.10396 -1.947258 23.17104 -32.34154 -16.63305 
  81.03079 13.10688 -23.19843 11.64191 -5.339207 4.937789 -10.02809 -14.77322 -17.35128 -12.28183 9.236341 -24.94364 -1.309382 
  79.72156 16.70826 -23.19843 7.350608 -1.292209 12.26279 -16.00766 -23.86244 -21.14035 2.000182 9.768978 -27.83847 -8.639908 
  78.41232 17.00837 -19.5389 8.208868 -2.583765 4.324944 -6.686566 -12.5918 -22.40338 -2.838615 4.789447 -19.79727 -12.5795 
  77.88863 15.5078 -20.04717 -1.208654 -3.846676 3.46696 -5.103739 -15.13679 -20.71935 -2.965953 2.96508 -31.05495 -11.67939 
  87.0533 -4.380087 -0.1055951 -9.908737 -10.27604 0.4027348 -22.85474 -25.86207 -23.24539 12.86375 -0.2275615 7.159795 -21.49731 
  94.08279 -11.68621 -2.929449 -1.536959 -4.994777 -5.603148 -19.71783 -47.95549 -12.14738 16.74298 13.42409 4.502266 -11.14301 
  95.59328 -5.187221 -9.989082 3.91757 -3.157816 -9.591791 -14.42483 -50.54036 -18.61431 17.17401 7.754043 4.502266 -8.550511 
  90.98102 -5.302526 -8.577155 -1.044502 3.830709 -9.115549 -13.36961 -39.33922 -25.77144 26.65658 14.94705 6.096784 -3.365505 
  83.91113 -4.380087 -14.25292 -1.044502 8.652279 -5.725717 -1.058737 -31.58458 -20.29834 23.6394 4.5614 -1.875805 -1.130589 
  87.83884 4.38308 -22.99512 -5.312467 4.734754 -15.3067 -21.06222 -40.20085 -16.45199 11.57067 -0.7976761 12.47485 -5.332232 
  90.19547 9.805625 -27.32485 -7.118144 4.734754 -29.11773 -9.67635 -42.78572 -3.697613 -0.03720665 2.052897 24.69949 -12.98486 
  90.71917 12.80677 -25.15396 -2.029417 -2.354145 -30.54646 -5.103739 -42.78572 -0.3495903 0.2174673 -4.104341 22.57347 -11.5006 
  89.67178 15.20768 -24.43033 4.77583 -13.49072 -28.64149 3.689743 -40.20085 3.476723 8.122463 -10.12506 15.13238 -7.567148 
  88.36253 17.30848 -23.7067 6.492349 -16.59059 -26.73652 12.83953 -37.61597 -4.175901 2.891541 -1.823882 16.19539 -1.219986 
  87.577 17.90871 -23.60505 11.64191 -23.32613 -20.06912 7.457303 -26.40742 -8.002213 -4.366657 -2.051928 13.53787 2.220018 
  84.43481 20.00951 -23.40174 9.925387 -25.3986 -17.68791 -1.938086 -14.59143 -6.886206 -4.621331 -5.016524 6.62829 9.130692 
  80.76895 19.40928 -22.28355 5.634089 -25.3986 -19.11664 2.106916 -15.50036 -8.161643 -13.92425 -7.627806 2.376242 14.58648 
  77.10308 16.70826 -18.31906 4.77583 -20.73554 -10.06803 2.106916 -21.86281 -11.19081 -13.59576 -9.188593 1.313231 4.766056 
  74.74644 15.5078 -14.55788 -2.029417 -19.18118 -9.591791 0.3482189 -22.95352 -6.886206 -0.5465536 -3.534226 -3.413771 -3.186712 
  73.69906 18.50894 -14.25292 -12.37102 -24.88049 -13.87797 -2.465694 -19.31783 -17.77229 -7.550077 -7.627806 -3.413771 -2.203349 
  72.38982 15.20768 -14.35457 -14.99746 -24.36237 -9.115549 -1.762217 -10.59218 -23.24539 -21.15092 -2.850088 0.7817248 -2.918522 
  71.86612 17.30848 -14.25292 -16.47484 -27.47108 -13.87797 -18.6457 -18.59069 -16.93027 -14.58122 2.394966 1.844737 -7.120165 
  73.17536 16.70826 -10.69505 -12.37102 -31.09791 -16.73543 -12.13853 -15.50036 -10.23423 -14.58122 -5.442703 -5.175076 -11.76879 
  73.96091 20.00951 -9.283118 -9.087975 -34.20662 -21.49785 -17.76635 -17.3182 -15.33598 -12.28183 -12.62232 -9.955762 -1.577573 
  75.79384 19.40928 -8.577155 -6.461535 -37.83344 -26.26028 -7.565914 -13.8643 -16.93027 -12.61031 -9.188593 -8.697687 2.220018 
  76.84123 18.50894 -9.989082 4.77583 -43.01463 -28.64149 3.162134 -20.40854 -16.77085 -4.621331 -17.929 -11.71707 11.67673 
  77.62677 16.70826 -13.33804 8.208868 -36.79721 -21.02161 1.051699 -33.30783 -31.66555 -1.055901 -2.051928 -0.2812869 17.13252 
  77.36493 15.80791 -17.60749 4.77583 -32.13414 -12.92549 -2.113955 -31.58458 -37.13865 -10.22415 3.649218 4.502266 20.04228 
  77.62677 17.90871 -21.16536 -4.820009 -26.95296 -5.112871 -9.85222 -41.06247 -36.29663 -10.22415 2.16692 4.502266 6.220934 
  79.98341 2.884117 -11.30497 -6.133229 -30.57979 11.4881 -13.19374 -50.54036 -29.56051 -4.111984 -7.00349 14.60088 -7.567148 
  76.05569 2.653507 -5.753302 -4.491704 -32.65226 9.164043 -5.103739 -42.78572 -23.6664 -15.56668 -13.87095 10.88034 -3.097316 
  71.34242 6.227958 -5.753302 -9.744584 -28.50731 6.04091 -2.993303 -30.72295 -29.1395 -23.7788 6.271745 9.817325 3.311177 
  75.27014 -9.553825 8.365967 -27.66345 -26.95296 11.4881 -22.40661 -13.13716 -25.35043 -30.3485 6.043698 0.2502188 6.948373 
  77.36493 -26.61292 18.24945 -36.25417 -25.3986 6.653755 -31.36922 -20.59032 -28.29749 -32.6479 6.955882 0.7817248 4.038616 
  78.15047 -42.07271 29.54487 -41.85681 -16.13135 12.65013 -13.01787 -11.5011 -20.71935 -25.74971 -5.130547 5.565278 4.038616 
  79.19786 -40.47342 33.78065 -36.25417 -16.01654 9.551387 -12.66613 -10.95575 -26.61345 -29.69153 -25.10862 -6.055729 -4.706455 
  76.57938 -39.40723 27.42698 -26.91644 -10.04642 10.32607 -20.16596 -8.410763 -15.49541 -23.12183 -21.36273 -2.40731 0.03770035 
  75.27014 -38.87413 17.54349 -28.41047 -17.10871 7.2666 -25.54353 -13.8643 -3.538183 -4.111984 -13.24664 -6.558959 -7.835339 
  73.43721 -33.01007 14.01367 -20.56678 -11.07971 8.7767 -15.83179 -7.320057 -18.1933 -5.767362 -15.43174 -7.062189 -11.05362 
  86.26775 -14.35169 1.306332 -7.774755 -0.3881645 -6.461131 -47.50191 -50.54036 -6.567347 17.17401 10.07357 -9.326724 -17.0384 
  91.24286 -10.08692 -11.00001 -4.327552 -9.816799 -4.745164 -38.98744 -34.16946 -4.81362 24.50145 14.64246 -10.08157 -12.5795 
  92.81395 -7.954536 -16.6926 -5.640772 -10.16123 -3.274336 -31.36922 -33.30783 -3.219323 26.22556 10.37816 -8.446072 -7.120165 
  93.57929 -5.994354 -23.40174 -5.640772 -16.13135 -1.435801 -29.5767 -25.4985 -6.089058 29.24274 0.5705991 -11.08803 -12.5795 
  93.41146 -4.956611 -27.32485 -10.07289 -19.18118 -2.293784 -28.23231 -21.86281 -3.857042 27.08761 -1.823882 -9.704147 -9.980858 
  92.81395 -4.380087 -30.21937 -12.20687 -21.25366 -0.2101107 -24.64727 -16.04571 -0.5090199 18.03606 5.131516 -14.86226 -7.924735 
  92.5521 -3.111733 -33.11388 -12.53518 -22.80801 5.918341 -25.0954 -8.410763 -8.002213 18.46709 3.763241 -17.75583 -11.23241 
  91.76656 -1.151552 -31.66663 -12.86348 -23.84425 7.634307 -23.75101 -11.5011 -9.277651 13.7258 1.596805 -20.76221 -10.51724 
  90.71917 -0.1138082 -28.04848 -14.99746 -24.88049 10.32607 -21.95848 -7.320057 -11.82853 8.984515 0.798645 -20.11891 -7.656545 
  89.14808 2.076983 -29.49574 -12.53518 -27.47108 11.4881 -15.48005 -1.223028 -14.85769 6.829385 8.780249 -23.97869 -7.209562 
  87.31515 2.884117 -27.32485 -12.86348 -26.95296 18.84762 -7.741784 -6.324424 -17.77229 15.44991 4.447378 -28.80341 -2.024556 
  84.43481 5.997348 -25.15396 -15.81823 -23.84425 18.84762 -6.334826 -6.592918 -13.90111 7.691438 -0.2275615 -25.58693 -1.756366 
  82.07819 8.605167 -19.5389 -22.43432 -15.32768 18.07294 -12.31439 -7.138271 -30.40252 7.691438 10.07357 -26.23023 -4.170075 
  80.5071 9.205397 -15.67607 -19.07274 -8.783508 19.62231 -13.72135 -7.501841 -37.98066 15.01888 20.7343 -31.69825 -9.444478 
  77.88863 5.536128 -17.91245 -19.44625 -9.242748 24.27043 0.6999588 -1.760017 -31.66555 15.01888 14.64246 -39.09615 -11.14301 
  75.79384 7.704824 -18.21741 -19.07274 -7.750217 20.00965 -2.817434 -0.9545338 -25.35043 5.967333 -6.691334 -31.05495 -7.745942 
  73.17536 4.267776 -19.43725 -20.56678 -7.176167 19.62231 7.457303 -3.639479 -12.94453 5.967333 -3.876295 -18.51067 -10.33844 
  70.81873 5.420824 -16.99757 -22.06081 -11.99819 16.13622 7.457303 -5.51894 -18.61431 -3.85731 0.9126678 -16.37195 -13.79557 
  70.29504 3.230032 -22.28355 -20.19327 -8.898318 14.58685 16.06887 5.757828 -15.33598 -11.95334 -14.80743 -26.55188 -15.01163 
  69.24764 1.846374 -22.28355 -23.55485 -17.62683 10.71342 16.06887 10.05374 -11.82853 -7.550077 -5.016524 -26.87352 -11.5006 
  68.72395 3.345337 -21.87694 -19.44625 -13.72034 8.7767 9.610194 3.878367 -12.62567 -5.640026 0.3425531 -15.6171 -12.17415 
  66.89101 0.3474112 -22.99512 -23.55485 -13.37591 12.65013 6.91908 4.683851 -16.45199 -7.295404 -1.937905 -11.96868 -11.76879 
  65.31992 0.001496792 -18.52237 -20.19327 -15.32768 14.1995 9.610194 -1.491523 -17.77229 -2.329268 -18.86547 -21.72715 -10.78543 
  64.01069 -2.3046 -20.25048 -18.32572 -8.324268 20.00965 14.4542 -3.639479 -17.35128 -0.03720665 -6.379177 -21.40551 -22.71338 
  63.48699 -1.497466 -20.55544 -18.32572 -9.013128 9.164043 5.304411 6.831807 -11.35024 -3.220626 3.193126 -10.83641 -12.5795 
  61.9159 -5.187221 -21.16536 -17.62391 -13.14629 5.305495 2.458656 -1.760017 -9.59651 4.292245 10.37816 -13.22676 -14.20092 
  61.65406 -5.994354 -24.06851 -20.19327 -16.59059 8.002014 -0.7069988 -10.04682 -2.422175 12.0017 6.271745 -13.60418 -15.01163 
  60.86851 -2.189295 -22.79182 -19.07274 -13.03148 4.079805 3.689743 -20.40854 -11.35024 1.872846 -3.534226 -20.11891 -7.030768 
  60.86851 -4.495392 -20.8604 -13.68424 -3.502246 11.4881 -2.641563 -11.86467 -13.90111 1.872846 -3.534226 -26.23023 -15.01163 
  59.55927 -8.487633 -22.28355 -17.95221 -12.22781 13.81216 4.766189 -4.981951 -7.205065 4.674255 9.464386 -8.320264 -6.494389 
  58.9422 -6.801488 -20.45378 -14.1767 -7.520597 2.731546 2.282785 -7.320057 -18.61431 3.400887 9.768978 -5.929921 -12.17415 
  58.53082 -6.455574 -22.69016 -14.83331 -13.94996 -1.313231 -6.334826 -20.95389 -24.92942 -4.111984 6.613813 -7.062189 -13.79557 
  57.91374 -6.686183 -21.97859 -16.47484 -17.10871 2.608977 -4.400261 -13.50073 -21.98237 3.655561 1.254736 -15.86872 -12.5795 
  57.29667 -7.032098 -20.75875 -12.04272 -8.553888 12.26279 6.380857 -6.592918 -8.321073 7.691438 10.07357 -5.426691 -14.60628 
  56.6796 -7.147403 -22.89347 -15.98238 -10.39085 -0.3326797 -12.842 -22.22638 -11.19081 1.236162 -1.025722 -13.35256 -18.25447 
  57.29667 -6.224964 -15.87938 -12.37102 -16.59059 -3.887181 -8.445262 -16.22749 -34.6126 -17.53759 0.798645 -16.12033 -9.623272 
  56.88529 -9.553825 -22.08024 -14.1767 -9.701988 5.673203 -0.3552589 -11.86467 -16.93027 -4.876005 10.68276 -2.910541 2.220018 
  56.88529 -6.455574 -13.33804 -9.744584 -8.668697 6.04091 -2.641563 -8.774332 -16.29256 -6.27671 1.596805 -7.313804 -10.51724 
  55.85683 -7.262708 -15.37111 -8.431364 -0.08681633 12.65013 0.1723499 -8.228979 -10.55309 -7.677414 -5.442703 -7.062189 -13.39021 
  55.44545 -10.08692 -17.91245 -6.953992 -4.765157 7.879445 4.766189 -5.787435 -17.35128 -7.42274 2.394966 -5.678307 -11.4112 
  55.65114 -8.487633 -17.30253 -10.07289 -13.49072 8.389358 5.842634 -9.137901 -18.1933 -7.932088 -2.279974 -2.658926 -10.42784 
  55.03407 -8.487633 -16.6926 -10.07289 -10.73528 0.770442 6.91908 -5.250446 -18.1933 -5.767362 0.9126678 -5.678307 -10.69603 
  54.2113 -8.487633 -16.38764 -11.87857 -12.91667 -6.828838 -4.92787 -0.6860396 -11.19081 0.5994778 3.421172 -5.300883 -5.511025 
  53.38854 -11.68621 -16.18434 -16.63899 -15.78692 -1.435801 -12.31439 -9.137901 -21.14035 -13.59576 -9.812907 -16.24614 -15.41698 
  52.97716 -12.21931 -18.92898 -12.69933 -9.472368 6.04091 -2.289825 -4.444963 -17.35128 -4.111984 0.4565759 -16.87518 -20.28124 
  51.9487 -12.21931 -15.77772 -9.580432 -8.783508 3.46696 10.14842 4.415356 -11.98796 -10.35149 -10.74938 -19.15397 -12.98486 
  52.56578 -11.15312 -11.40662 -3.670941 -6.372497 5.182926 4.766189 -3.639479 -16.93027 -7.677414 -6.067019 -11.84287 -5.153439 
  52.77147 -10.08692 -12.72812 -3.342637 -1.593557 2.976685 1.403439 -10.77396 -13.10396 -8.186762 -4.902501 -10.33318 -10.87482 
  51.74301 -10.62002 -18.52237 -9.252127 -6.487307 -4.622595 -1.410477 -2.833995 -14.3794 -4.621331 3.991286 -5.049269 -7.745942 
  51.74301 -10.08692 -20.14882 -14.01255 -11.19452 0.6478729 4.227966 10.32224 0.925848 -0.8012266 0.4565759 -1.875805 -2.471539 
  51.9487 -8.487633 -14.25292 -7.938907 -9.127938 4.937789 2.282785 -1.760017 -20.29834 -11.95334 -8.564278 -16.87518 -12.5795 
  50.92025 -9.553825 -10.69505 -1.865265 -7.979837 1.750994 0.1723499 0.1194442 -6.886206 -4.239321 7.525996 -6.684767 -8.818702 
  50.92025 -12.75241 -15.37111 -0.8803482 -8.209457 2.363839 9.610194 0.656433 -16.45199 -16.22364 -1.36779 -9.200916 -5.868612 
  51.9487 -9.553825 -14.25292 -9.580432 -6.257687 0.6478729 4.227966 -4.444963 -22.82438 -20.16547 -5.754862 -11.84287 -9.444478 
  49.27472 -10.08692 -15.37111 -11.0578 -9.472368 -6.093424 -0.5311279 -1.491523 -19.87733 -11.95334 1.710828 -13.9816 -16.2277 
  49.89179 -12.75241 -15.37111 -14.34085 -15.67211 -1.803508 -4.752 -1.760017 -8.321073 -12.61031 0.3425531 -12.09449 -12.17415 
  50.92025 -10.08692 -10.69505 -8.267212 -9.587178 3.344391 5.842634 -2.297006 -17.77229 -13.92425 -6.691334 -9.704147 -14.60628 
  50.50887 -9.020729 -7.871192 -8.10306 -12.45743 6.04091 5.304411 4.415356 -4.175901 -0.5465536 -9.812907 -15.36549 -10.42784 
  50.09748 -11.15312 -14.86284 -11.0578 -12.68705 2.118701 9.610194 3.072884 -3.219323 2.764203 3.079103 -2.910541 -1.219986 
  48.45195 -12.75241 -14.25292 -12.20687 -13.37591 -4.867733 0.8758278 5.757828 -10.55309 -7.04073 -2.051928 -6.936381 -2.739729 
  47.4235 -13.8186 -16.6926 -18.69923 -8.094647 1.996132 0.8758278 -2.565501 -10.55309 -9.969477 -7.315649 -1.875805 -10.15965 
  46.39504 -13.8186 -14.45623 -15.98238 -8.094647 2.854115 2.634525 -3.907973 -5.610768 -12.61031 -16.36821 -14.23322 -18.25447 
  47.62919 -13.8186 -14.65953 -10.23704 -1.593557 0.4027348 -2.817434 -6.774702 -2.422175 -10.98817 0.0004844666 0.7817248 -2.829125 
  48.45195 -11.15312 -8.577155 -8.759669 -9.931608 -0.5778174 -3.169173 -6.774702 -13.42282 -7.168067 -3.648249 1.844737 -2.024556 
  48.04057 -13.2855 -13.23638 -2.029417 -2.928196 6.776324 5.842634 3.609872 -16.93027 -4.239321 6.613813 3.439254 -9.533875 
  47.83488 -12.21931 -12.1182 -4.163399 -7.635407 -2.78406 -0.5311279 4.415356 -8.639933 -9.84214 -1.36779 -9.57834 -8.192924 
  48.86333 -10.62002 -13.23638 -4.820009 -9.357558 1.996132 5.304411 6.294817 -3.538183 1.236162 6.49979 -13.9816 -6.136802 
  48.04057 -10.62002 -12.72812 -2.686027 -2.698575 -4.500026 -7.214175 -7.501841 -6.089058 -0.03720665 2.394966 -13.22676 -9.355082 
  48.45195 -10.08692 -11.20331 -6.297381 -8.209457 3.221822 -5.103739 -5.51894 -1.306168 -3.347963 -2.850088 -3.162155 -10.60663 
  47.62919 -10.08692 -9.283118 -12.04272 -14.75363 -7.073976 -4.400261 -0.9545338 -9.118221 -7.04073 -10.43722 -12.47191 -12.17415 
  55.85683 -13.8186 -32.39025 -17.2956 -15.44249 29.69323 37.59778 -41.06247 -15.49541 7.260412 16.47001 -9.829954 -37.71151 
  56.88529 -12.21931 -28.77211 -8.431364 -9.127938 32.40463 24.68043 -55.71012 -30.40252 7.260412 17.0792 2.907748 -17.0384 
  51.33163 -10.62002 -20.35213 -9.252127 -3.502246 11.87545 9.071971 -19.31783 -28.71849 2.382193 3.991286 -5.929921 -7.924735 
  50.30317 -10.08692 -14.25292 -5.47662 -3.617056 3.712098 9.071971 -4.981951 -16.45199 9.415542 8.780249 -6.181536 -8.014132 
  48.24626 -11.15312 -9.989082 -9.744584 -12.45743 -0.9455247 0.8758278 5.489334 -13.90111 -3.984647 4.219332 -20.11891 -16.63305 
  47.62919 -13.2855 -12.3215 -7.610601 -10.27604 4.692651 6.91908 3.341378 -16.93027 -15.23819 -9.50075 -9.704147 1.492579 
  47.83488 -13.8186 -9.283118 -4.984161 -10.16123 4.324944 10.14842 2.804389 -8.639933 -12.9388 -3.192157 -3.036348 -7.388355 
  48.65765 -11.68621 -12.3215 -11.0578 -13.94996 -3.519474 8.533748 2.804389 -12.7851 -8.314098 -6.379177 -3.791193 -11.76879 
  48.65765 -9.020729 -11.60993 -6.625687 -5.913257 1.628425 3.162134 1.730411 -11.98796 -12.61031 -3.192157 -6.936381 -12.17415 ]
