test04  [
  52.64003 -3.048684 -18.78732 -12.00825 5.313911 13.93624 -8.001028 -38.35163 -33.33505 -1.721348 1.596965 -20.8898 -22.99742 
  52.94945 0.3151674 -6.545692 -9.296831 -6.447073 8.570541 6.420902 -25.79315 -27.95284 -15.12592 4.968754 4.870902 -6.653039 
  52.64003 -1.414814 -16.81295 -20.80012 -18.65172 3.495589 2.804635 -10.17139 -19.72124 -5.551227 5.691279 -2.368926 -9.473077 
  52.02119 -1.895364 -15.46679 -23.43064 -25.14586 -3.849735 -1.085403 -8.456808 -11.95616 -3.763949 -3.581139 -3.494021 -13.41944 
  51.62285 -0.3576031 -12.05653 -19.94881 -16.09984 0.5574598 0.7875786 -20.26838 -27.31964 -10.27474 -3.460718 -10.00448 -12.22219 
  51.71178 -3.913675 -18.06937 -26.71879 -16.43269 13.93624 12.67338 -15.69616 -13.58655 3.968031 3.282859 2.203597 -7.217047 
  51.53392 -4.105895 -19.05655 -23.43064 -17.0984 11.67366 10.44035 -12.07648 -15.28884 3.968031 8.0997 1.822553 -7.875055 
  50.73357 -6.028096 -20.76168 -23.43064 -8.111343 11.67366 8.653931 -6.361208 -20.98764 -4.019275 3.644122 -13.35271 -9.097073 
  51.71178 -5.547545 -26.42404 -30.00695 -15.10128 15.63317 11.78017 -16.6487 -26.05325 -10.65773 -4.664928 -5.075132 0.8496364 
  49.75536 -6.989196 -19.23603 -21.45775 -16.09984 12.2393 11.33356 -9.980883 -18.77144 -19.28257 -17.38448 -11.39958 -1.388968 
  50.28893 -5.931986 -23.52343 -25.40353 -7.778489 18.46139 9.547141 -25.22162 -31.11885 -24.66266 -2.738192 -1.987882 0.209053 
  51.17821 -5.355325 -20.58219 -26.06116 -17.3203 6.166616 8.653931 -12.07648 -29.53585 -13.21098 2.560333 -0.08266437 1.169928 
  51.71178 -4.298115 -23.20114 -30.00695 -18.31886 10.17316 16.69283 -6.170698 -28.26945 -12.57267 2.319491 -0.08266437 3.41197 
  50.37785 -5.547545 -25.45717 -26.06116 -7.667538 10.17316 21.60549 1.031446 -20.67104 -12.70033 6.293385 -2.368926 -13.81852 
  50.91142 -6.028096 -19.50527 -20.80012 -12.43844 9.505401 17.58604 0.7086482 -14.33904 -20.62759 8.581384 -2.749969 -5.901029 
  51.71178 -3.240904 -18.42834 -28.03405 -23.68875 5.098206 8.653931 -0.9053406 -15.92204 -18.83423 -5.573467 -6.098205 -8.15706 
  52.64003 -0.6459332 -16.54372 -26.71879 -25.14586 1.225216 0.6435022 -23.12602 -21.30424 -6.18954 11.16909 -5.540165 -13.81852 
  52.64003 -3.337014 -20.58219 -34.61036 -29.03148 -2.38067 12.67338 -7.504263 -9.44787 2.93068 2.921596 -3.401015 -11.4471 
  50.82249 -5.931986 -18.69757 -24.7459 -19.80313 2.56073 13.56659 -1.873734 -13.83738 -6.572528 0.8744388 -10.09748 -8.721067 
  50.73357 -7.085306 -21.47963 -24.08827 -4.619012 22.98654 14.90641 -9.599865 -18.77144 -2.487324 11.58922 -6.935263 -11.72911 
  52.02119 -4.394225 -19.23603 -31.32221 -20.77453 15.06752 14.0132 -4.456116 -17.18844 -3.380961 4.968754 -12.98069 -13.81852 
  51.44499 -4.682555 -19.59501 -26.71879 -19.09552 7.235027 10.44035 8.778591 -0.6688499 -1.33836 1.596965 -10.84154 -10.69509 
  52.94945 -2.087584 -16.095 -24.7459 -19.80313 -3.582633 -9.153632 -16.6487 -10.32577 6.042731 1.115281 -2.842976 -5.149019 
  53.25887 -0.2614927 -15.01808 -26.06116 -15.10128 8.971195 -1.805781 -16.45819 -9.197041 9.154783 8.942647 0.2983791 -3.644999 
  54.49654 1.276268 -12.68474 -31.32221 -30.97429 2.827833 10.88696 -3.487722 -7.942895 -1.84901 4.487069 -5.726178 -6.465037 
  55.11538 3.139452 -12.59499 -22.77301 -24.17445 11.67366 6.867508 -7.885281 -25.10344 -16.78554 -8.299086 -13.25971 -2.23498 
  52.33061 -3.817564 -17.17193 -28.03405 -27.57437 -7.983322 -3.822838 -4.456116 -16.23864 -10.01942 -5.119198 -7.028269 -9.849082 
  52.94945 -6.220316 -20.22322 -25.40353 -19.31742 -5.185249 -3.822838 3.29103 -17.50504 -6.444865 4.848332 -13.25971 -15.01577 
  53.25887 -6.508646 -21.74886 -26.71879 -10.66322 7.769233 5.397995 -1.228138 -16.55524 -10.91306 12.00935 -7.028269 -6.277034 
  50.55571 -9.007507 -24.16801 -24.7459 -6.003268 11.67366 1.796106 -16.26768 -26.68644 -20.17925 0.7540174 -1.606839 -6.465037 
  50.28893 -9.872498 -20.04373 -24.7459 -5.670414 16.76446 11.33356 -6.932735 -15.28884 -13.21098 -12.84178 -3.494021 -6.371036 
  50.91142 -7.373636 -22.87885 -26.06116 -10.33037 17.3301 15.79962 9.424188 -11.83075 -15.12592 -8.299086 -6.656243 -6.841042 
  51.71178 -8.430847 -24.81259 -28.69168 -14.32462 13.93624 18.92586 -3.81052 -30.16905 -26.90437 -8.299086 -20.8898 -7.029044 
  52.33061 -4.586445 -22.55656 -20.14249 -16.76554 3.094935 13.56659 -0.9053406 -34.60145 -35.87119 -16.93021 -14.6548 -13.02036 
  52.33061 -5.066995 -17.80013 -24.7459 -25.63156 -2.647773 10.44035 0.3858507 -20.98764 -25.111 0.3927546 -14.5618 -9.285074 
  50.82249 -5.451436 -14.92833 -20.14249 -18.76267 4.564 21.60549 13.94336 -13.21031 -21.07593 -12.84178 -4.145067 5.33372 
  52.33061 -6.412536 -19.32578 -18.59311 -13.10415 16.76446 22.94531 6.519007 -13.08489 -15.63657 -5.119198 -0.08266437 -11.82311 
  51.35606 -4.874775 -20.04373 -30.66458 -10.77417 24.68347 22.0521 6.519007 -8.06831 0.3373039 8.701805 -8.423368 -15.41485 
  53.25887 -3.625345 -18.3386 -29.34932 -18.54077 17.3301 3.236862 -13.98158 -23.52044 -5.168239 10.74896 -17.32695 -8.25106 
  53.25887 -6.124206 -16.27449 -20.80012 -16.09984 12.2393 -1.805781 -2.842127 -15.28884 -19.73091 -3.942402 -12.32964 -8.063058 
  51.71178 -3.721455 -18.06937 -20.80012 -7.778489 11.67366 0.6435022 -0.9053406 -22.57064 -8.870455 -4.424087 -15.54552 -9.097073 
  49.48857 -7.661966 -21.03091 -14.91333 -8.555148 8.704092 5.974297 0.7086482 -12.33241 -10.53007 -0.3297715 -0.8447517 -5.525024 
  49.13286 -9.103617 -15.73603 -17.43107 -11.10703 7.502131 6.420902 -1.228138 -11.70533 -4.402263 -1.29314 -10.84154 -1.106965 
  50.73357 -6.124206 -16.90269 -18.78678 -7.778489 17.89574 17.13944 0.3858507 -18.45484 -12.44501 2.078649 -12.05062 -12.22219 
  50.64464 -5.931986 -17.5309 -20.80012 -6.447073 9.238298 7.760719 -3.487722 -32.38525 -16.14722 3.764544 -8.516374 -13.81852 
  50.11107 -6.028096 -19.95399 -24.08827 -22.71734 2.160076 9.547141 -5.027643 -7.566651 -7.593828 4.366649 -7.307289 -4.303008 
  51.08928 -3.625345 -14.92833 -19.75514 -11.55083 5.098206 7.314114 -12.4575 -20.67104 -5.934215 -0.5706139 -10.93454 -12.62127 
  49.48857 -8.911397 -15.91551 -14.91333 -18.87362 5.498859 5.974297 -8.837828 -17.82164 -16.65788 -2.738192 -10.46951 -1.764974 
  50.46678 -6.316426 -16.45398 -22.11538 -14.87937 -1.178708 6.867508 1.031446 -5.685432 -5.806552 0.1519127 -7.121276 -5.525024 
  51.53392 -8.623067 -16.36423 -28.03405 -14.65747 0.1568055 9.100536 4.259424 -7.942895 0.3373039 -0.3297715 -9.911472 -4.49101 
  51.44499 -6.412536 -16.095 -24.08827 -17.43125 1.358768 5.974297 -11.88597 -18.45484 -11.8067 -7.390547 -11.39958 -3.833001 
  50.02214 -5.643656 -15.73603 -24.7459 -17.3203 6.43372 2.94871 -2.842127 -17.18844 -6.18954 -4.303665 -1.987882 -11.54111 
  49.66643 -9.007507 -20.94117 -23.43064 -18.98457 2.427178 11.78017 7.164603 -15.92204 -23.31764 2.680754 4.870902 2.451095 
  48.06572 -14.19715 -17.44116 -16.26904 -11.77274 4.029795 6.420902 -3.164925 -13.71197 -9.253443 3.162438 -1.987882 2.771386 
  48.95501 -11.16989 -16.36423 -19.3678 -19.31742 -1.045156 4.24539 1.354244 -21.93744 -17.04086 -6.482008 -9.074413 -5.619025 
  50.55571 -8.334737 -16.72321 -22.11538 -24.17445 -9.480896 4.821693 15.88014 -11.20367 -12.57267 2.439912 -9.539446 -13.41944 
  51.71178 -4.682555 -18.87706 -24.7459 -23.20305 0.5574598 15.79962 7.164603 -6.563335 -10.78539 0.7540174 -11.6786 -13.81852 
  51.17821 -2.760354 -14.83859 -18.20576 -9.664661 14.50188 15.35301 6.841805 -20.98764 -25.111 -3.942402 -4.6101 2.771386 
  51.35606 -4.490335 -17.71039 -20.14249 -16.43269 9.371849 5.974297 -5.599171 -9.071627 0.3373039 8.340542 -10.93454 -7.311048 
  52.94945 -2.183694 -13.76166 -24.7459 -21.26024 4.697552 10.44035 -2.196532 -7.441237 -5.423564 3.042017 -5.819184 -6.653039 
  52.02119 -5.259215 -17.62065 -22.11538 -17.0984 10.30671 9.993747 0.3858507 -9.6987 0.8559791 5.932121 -6.842257 -9.191073 
  63.46967 8.1085 15.06732 -41.8443 -19.20647 -34.44046 10.88696 -35.55447 12.9866 -28.69773 14.11 -19.10837 -1.388968 
  73.98989 4.322559 15.06732 -62.23085 -20.77453 -13.97362 13.56659 -45.62424 27.59921 -33.62949 37.21717 -28.01551 -2.516984 
  77.39349 -6.220316 16.57521 -59.60033 -36.31702 12.80495 -7.856953 -37.7922 20.91916 -27.80105 26.71391 -26.67944 9.497511 
  76.77466 -12.46729 17.07784 -51.05113 -45.05968 -0.7780542 -25.65532 -26.36467 21.33666 -28.69773 30.07496 -13.63173 2.130803 
  74.29931 -10.30496 4.009502 -45.79008 -28.06008 -10.97847 -13.48183 -21.22092 9.229079 -18.38589 15.3704 -11.30657 2.451095 
  76.46524 -0.2614927 14.5647 -24.08827 -3.129073 3.228487 -8.001028 -14.36259 13.40411 -22.42096 15.79053 -13.91075 -4.303008 
  86.36662 10.00147 7.025273 -5.036037 -27.57437 -8.981705 3.236862 -19.50634 8.811576 -17.4892 -5.119198 -3.680035 -3.268993 
  91.49068 7.871879 0.993732 3.291876 -31.46 -18.46634 0.4994268 -20.07787 9.229079 -17.04086 -15.5674 6.014033 -7.687053 
  92.87759 5.505665 -3.027294 8.340961 -30.00289 -19.96391 1.940182 -25.41213 3.384039 -16.27489 -13.29605 20.11265 -11.0711 
  94.78458 2.141258 -7.550949 7.109835 -28.54578 -13.97362 2.228333 -31.63845 -4.180458 -19.28257 -5.573467 21.25578 -12.62127 
  95.6514 0.6034975 -9.058834 5.263146 -26.60297 -2.247119 -5.263594 -36.11391 -6.814164 -17.93755 6.172963 9.824469 -8.533064 
  96.69157 -0.3576031 -13.13346 8.340961 -19.80313 6.43372 -1.949857 -46.74311 -10.70202 -17.4892 10.74896 15.15908 -14.61669 
  92.53086 1.852928 -14.30013 8.956525 -21.74594 12.80495 6.867508 -47.30254 -4.180458 -16.53021 1.115281 14.77804 -18.60751 
  84.2007 5.742287 -14.74884 8.956525 -29.03148 17.3301 21.60549 -30.51959 -0.6688499 -21.52427 -5.573467 8.681338 -11.82311 
  81.10651 5.505665 -19.59501 7.725398 -29.03148 16.76446 26.07155 -22.36398 6.724062 -31.38778 -3.70156 6.77612 -15.81393 
  80.48767 5.978908 -17.80013 16.34328 -32.91711 6.967925 14.0132 -21.60194 6.724062 -28.69773 2.078649 5.632989 -2.422982 
  86.36662 -7.181417 -1.519409 -4.842365 -12.32749 11.10802 -3.966914 -15.31514 -3.051726 -21.97262 -4.183244 -1.987882 0.1150522 
  93.22431 -10.30496 0.4911045 2.323513 -7.556586 10.57381 -7.856953 -32.75732 -10.32577 -8.487467 -5.573467 -2.368926 -4.49101 
  96.51821 -7.950296 -8.556206 15.11215 -1.142489 5.365309 -24.13363 -50.0997 -6.688749 -1.466022 13.26974 -3.866048 -3.927002 
  98.59857 -4.970885 -12.05653 15.11215 -2.135781 -6.98494 -20.58303 -55.13458 7.559068 -1.33836 14.53014 -7.679315 -11.1651 
  99.29203 -4.298115 -9.058834 13.26547 -5.559464 -9.980087 -17.03243 -55.13458 17.57914 0.3373039 7.256753 -6.098205 -8.815068 
  98.9453 -4.394225 -8.053577 13.88103 -0.1491961 -7.983322 -20.0758 -58.49117 21.75417 5.524056 7.377173 -4.703107 -18.60751 
  97.21167 -2.568134 -10.06409 14.49659 2.334035 -5.986557 -12.9746 -52.89685 14.23911 4.486706 7.015911 2.965684 -21.00201 
  93.05095 0.5073872 -10.56672 15.72772 4.817266 -7.484131 -5.551744 -31.63845 7.141565 -10.53007 12.84961 1.44151 -20.20384 
  90.69848 4.795802 -13.94115 24.96116 -2.632427 -10.97847 2.372409 -32.19788 2.549033 -18.83423 18.73144 -3.215002 -8.345062 
  89.4608 6.688772 -11.15909 25.57673 -7.223733 -11.97685 3.813164 -26.17416 -0.9196787 -35.42285 18.73144 -12.88768 -1.388968 
  88.84196 7.162014 -13.85141 28.65454 -5.670414 -11.47766 0.06720066 -23.12602 -2.675483 -43.04465 22.51261 -20.8898 -3.268993 
  91.8374 -0.4537134 -7.048321 20.65222 -0.1491961 -5.986557 -9.87401 -20.07787 -16.23864 -21.52427 8.942647 -7.865328 -16.21302 
  97.03831 -5.835876 -4.032551 6.494272 9.783728 -16.96877 -21.59749 -41.14879 0.7107105 0.3373039 4.968754 3.727771 -29.78182 
  99.63876 -6.028096 -7.550949 2.904531 7.797143 -17.96715 -25.65532 -49.54026 10.48159 1.89333 -0.08892965 8.300295 -26.58916 
  101.3724 -7.277526 -11.69755 5.878709 6.803849 -19.96391 -27.68423 -55.13458 14.65662 7.080082 1.596965 10.58656 -32.97448 
  101.8925 -7.661966 -12.32576 4.260239 5.810557 -18.46634 -31.23483 -51.21856 15.07412 12.26683 -0.2093506 10.58656 -34.96989 
  102.2392 -6.508646 -14.47961 2.129841 3.823973 -15.47119 -29.20592 -47.30254 16.74413 10.19213 4.005385 9.062382 -35.36898 
  102.2392 -5.931986 -15.01808 2.129841 3.327327 -16.46957 -27.68423 -47.30254 15.07412 12.26683 3.282859 8.681338 -33.77264 
  102.0658 -6.508646 -14.12064 1.355152 5.313911 -15.97038 -28.69869 -45.06481 10.06408 17.45359 2.19907 10.58656 -34.57081 
  101.5458 -6.893086 -13.2232 -0.5815716 7.797143 -11.97685 -31.23483 -43.94595 10.89909 16.93491 5.330016 12.11073 -35.76806 
  100.6789 -7.373636 -12.77448 0.1931171 9.28708 -13.47443 -31.23483 -40.58936 8.811576 19.00961 7.979279 10.58656 -36.16714 
  99.81212 -7.661966 -12.4155 1.742496 10.28037 -11.47766 -33.26375 -42.26765 2.966536 16.41624 11.58922 12.11073 -36.16714 
  97.21167 -6.124206 -10.56672 4.647583 8.790434 -11.47766 -27.68423 -40.58936 -4.055043 8.636108 9.183489 8.681338 -37.36439 
  93.57104 -2.856464 -8.053577 10.18765 -2.135781 -10.97847 -10.30624 -31.07902 -11.20367 -2.870311 -2.979034 2.203597 -31.37815 
  91.8374 3.376074 -15.10782 21.26779 -6.447073 -6.98494 -12.03514 -32.19788 -7.064993 -4.146937 -7.390547 -5.819184 -30.97907 
  90.38906 2.902831 -13.13346 23.11448 -4.122365 -6.485748 -12.46737 -36.67334 -8.569968 -5.040576 -0.3297715 -10.46951 -29.78182 
  89.15138 2.66621 -18.87706 20.03666 0.8440958 -3.449081 -6.704349 -29.96016 -3.929628 -7.849154 -8.753355 -9.725458 -36.56622 
  87.91371 2.237369 -19.32578 18.80553 -5.448512 -7.484131 -14.49628 -34.99504 -8.569968 2.93068 -6.027737 5.632989 -34.57081 
  85.74779 1.084047 -16.095 14.49659 -10.33037 6.700822 -13.48183 -23.31653 -12.33241 -0.7000465 -5.119198 2.584641 -26.98824 
  84.81953 -2.664244 -9.561462 14.49659 -11.43988 13.37059 -22.10472 -18.36329 -22.57064 -4.912913 11.16909 -6.656243 -11.4471 
  83.89128 -2.375914 -16.00526 13.26547 -16.54364 6.033066 -25.65532 -16.6487 -31.75205 -22.42096 13.26974 -16.43623 -16.21302 
  88.53255 -17.65687 -6.043064 -5.036037 3.327327 -7.983322 -20.58303 -16.45819 -20.67104 -15.63657 -3.099455 -8.144348 -9.191073 
  89.77022 -23.27892 -6.043064 -5.617055 8.790434 -9.480896 -30.22038 -20.83991 -11.32909 -0.8277092 -5.119198 3.727771 -6.653039 
  87.29488 -18.08934 -4.535179 -6.391745 10.77702 -10.47928 -23.11917 -17.41074 -3.6788 -0.8277092 8.0997 -1.606839 -7.405049 
  90.38906 -7.661966 -10.56672 -0.3878994 -9.775613 -4.383941 -10.16216 -12.4575 -11.95616 -5.934215 14.53014 -19.10837 0.209053 
  92.01077 -5.355325 -16.90269 -1.937279 -14.43557 10.84091 -9.585859 -18.36329 -4.932945 -2.231998 -4.544508 -29.35159 -0.5429573 
  91.31731 -5.066995 -13.2232 2.129841 -15.98889 22.42089 -6.272122 -14.74361 1.212369 -9.764093 -6.027737 -15.99088 3.41197 
  89.4608 -3.721455 -12.23602 4.647583 -12.66035 15.06752 -8.001028 -9.409355 -3.302556 16.93491 0.1519127 -8.795393 5.013428 
  88.84196 0.4112778 -16.72321 -0.5815716 -18.65172 18.46139 -9.729935 -2.196532 4.636548 9.673459 1.596965 -24.89801 8.216345 
  90.38906 5.978908 -20.49245 -10.26519 -20.77453 24.11783 -13.48183 3.29103 -2.800898 6.042731 3.162438 -19.99909 5.654011 
  90.38906 8.1085 -21.30014 -12.20192 -19.31742 23.55218 -8.721406 5.550615 -4.305872 2.93068 2.680754 -9.446439 2.451095 
  91.49068 8.1085 -28.03549 -12.58926 -13.2151 12.2393 3.236862 10.39258 -12.95948 13.30418 8.0997 -5.633172 -5.619025 
  93.22431 8.1085 -29.32465 -9.103159 -15.54508 7.235027 7.314114 -1.228138 -17.50504 13.30418 9.665174 -10.46951 -1.388968 
  94.26449 8.581742 -35.44815 -3.486658 -21.74594 8.971195 13.11999 -14.74361 0.4598818 -1.84901 17.05092 -10.3765 -7.405049 
  95.99812 6.925394 -38.99334 2.710859 -31.9457 15.06752 9.100536 -12.64801 4.636548 -11.42371 23.35287 -12.05062 -10.13109 
  97.21167 5.269044 -34.159 1.936169 -30.97429 8.704092 8.653931 -16.83921 8.811576 -17.04086 25.03339 -17.7723 -9.003071 
  98.9453 0.4112778 -27.39091 -4.455021 -28.54578 4.296898 12.22678 -18.7443 14.23911 -12.31735 19.99183 -16.88159 -2.610985 
  97.73176 3.376074 -26.10175 -8.134796 -29.51719 4.430449 15.35301 -20.83991 17.57914 -14.99826 22.51261 -11.6786 -2.798987 
  94.95795 6.45215 -22.55656 -3.486658 -29.51719 -4.116838 15.35301 -17.41074 18.41414 -26.00769 28.81456 -8.423368 -5.055017 
  89.4608 10.23809 -21.47963 7.109835 -29.03148 -4.517492 7.314114 -2.196532 12.5691 -27.80105 19.99183 -7.772322 -3.080991 
  86.05721 13.78741 -24.81259 10.80321 -24.17445 7.769233 20.71228 -7.694773 -9.949529 -23.31764 5.811701 -0.8447517 -4.679013 
  85.43837 14.7339 -22.87885 10.18765 -19.80313 16.76446 11.78017 -11.31445 -9.824114 -24.21432 2.439912 -9.632452 2.451095 
  85.12895 13.55079 -21.92835 16.34328 -18.98457 10.84091 11.78017 -5.78968 -9.197041 -23.31764 4.968754 -5.819184 -10.41309 
  85.12895 15.44376 -22.37707 15.72772 -17.20935 7.101477 0.931654 -7.885281 -5.434604 -25.111 26.71391 -3.866048 -23.79558 
  86.05721 15.68038 -20.31296 13.88103 -16.65459 1.358768 2.66056 -8.07579 -14.65564 -25.55935 17.05092 -12.14363 -13.02036 
  86.67604 15.68038 -19.41552 8.956525 -18.98457 2.827833 0.2112761 -1.228138 -11.70533 -33.18114 19.99183 -13.81775 -20.20384 
  84.51012 17.33673 -20.94117 10.18765 -20.77453 6.033066 -0.6531773 -1.873734 -20.67104 -37.66455 24.61326 -14.28278 -16.21302 
  82.6536 16.86349 -19.86424 9.572087 -20.77453 8.837644 -1.373554 -12.64801 -21.62084 -22.8693 17.89118 -11.58559 -16.6121 
  81.72535 17.10011 -17.08218 1.936169 -16.32174 -1.712914 7.314114 -6.742226 -11.57992 -33.62949 22.93274 -10.00448 -14.2176 
  82.96302 13.55079 -13.58217 2.323513 -24.17445 -1.846465 4.389465 -16.83921 -0.5434351 -45.7347 24.61326 -3.215002 -10.9771 
  86.98546 10.94796 -7.550949 2.517187 -31.46 -4.116838 -1.373554 -32.75732 5.889056 -44.83801 20.41196 -1.606839 -17.80935 
  92.01077 4.795802 -4.535179 2.904531 -33.88851 -12.97523 -3.534687 -28.46028 2.966536 -37.21621 -1.774824 4.489859 -17.01118 
  94.95795 2.66621 -6.545692 -1.16259 -32.91711 -17.46796 -0.941328 -26.36467 -2.926312 -28.69773 -6.482008 9.062382 -11.72911 
  95.82476 2.333478 -11.42832 -1.16259 -31.9457 -20.9623 -3.678762 -22.745 -2.926312 -20.17925 -1.533982 10.20551 -15.01577 
  94.95795 4.085938 -16.63346 1.742496 -38.25984 -17.96715 -3.102461 -31.63845 -0.6688499 -16.9132 4.848332 7.919251 -13.81852 
  94.61122 4.55918 -21.03091 1.548824 -47.48819 -13.47443 2.94871 -32.75732 -0.6688499 -21.97262 13.26974 -1.225795 -11.82311 
  93.91776 5.269044 -25.13488 5.878709 -50.40241 -5.986557 3.957239 -31.63845 2.549033 -21.97262 14.53014 -1.606839 -7.969057 
  92.18413 5.505665 -26.74633 12.03434 -43.11687 -9.480896 5.974297 -45.62424 4.219045 -20.62759 29.2347 -7.958335 -2.140979 
  92.87759 7.162014 -29.64693 12.03434 -43.11687 -5.051698 9.100536 -50.65913 1.714027 -26.90437 33.436 -13.63173 7.575761 
  94.26449 7.398636 -30.29152 13.26547 -44.08827 -5.986557 5.830221 -51.21856 5.05405 -25.55935 34.69639 -30.2423 5.654011 
  95.47803 6.925394 -31.90297 18.80553 -41.17405 -5.853005 -5.551744 -45.06481 7.141565 -19.73091 32.17561 -38.25872 1.169928 
  97.38503 5.742287 -34.48129 18.18997 -39.23124 -0.2438488 -10.16216 -42.26765 5.889056 -21.97262 34.27626 -43.15765 0.5293447 
  98.77193 2.429588 -32.86983 13.88103 -31.9457 -1.31226 -12.03514 -32.75732 5.889056 -14.8706 25.03339 -40.93087 -8.627066 
  99.11867 0.2190571 -30.29152 10.80321 -27.08867 1.492319 -18.55411 -31.07902 15.07412 -11.8067 16.21066 -39.5948 -10.03708 
  98.77193 -1.414814 -26.74633 8.340961 -22.71734 0.2903566 -22.10472 -31.63845 20.08415 -8.232141 6.654648 -35.14122 -8.721067 
  97.03831 -1.030374 -24.4903 10.80321 -17.87506 -4.116838 -25.14809 -33.87618 16.32663 -4.402263 2.078649 -32.46908 -11.54111 
  92.53086 -0.6459332 -22.55656 6.494272 -18.09696 -1.31226 -18.04688 -24.65009 -1.170508 -2.614986 1.717386 -21.78052 -13.41944 
  87.60429 5.269044 -27.7132 8.956525 -29.03148 10.03961 -3.966914 -14.36259 -4.80753 -6.061877 12.84961 -21.33516 0.209053 
  85.74779 8.1085 -31.25838 12.03434 -30.00289 17.3301 -5.551744 -8.456808 1.086954 -11.93436 16.21066 -21.33516 6.614886 
  85.43837 4.55918 -31.58068 11.41878 -23.20305 10.84091 -0.941328 -13.79107 -8.569968 -4.785251 23.773 -19.99909 10.45839 
  84.2007 4.085938 -34.159 9.572087 -25.14586 5.231757 -2.238008 -6.551718 -11.4545 -3.763949 25.45352 -22.22587 3.091678 
  85.43837 -3.240904 -19.05655 -3.292986 -23.20305 2.293627 -5.983971 -13.02903 -13.71197 7.598757 8.942647 -14.6548 -4.209006 
  88.53255 -19.38674 4.009502 -25.40353 -6.447073 -5.585903 -11.60292 -13.98158 -13.83738 5.005381 -6.482008 -11.58559 -4.679013 
  89.77022 -31.0633 12.05156 -24.7459 -9.442759 12.2393 -21.59749 -25.41213 -11.57992 -4.146937 -15.5674 -20.8898 -5.99503 
  91.8374 -35.38795 4.512131 -12.39559 -15.32318 12.80495 -6.704349 -22.17347 -17.18844 -6.061877 -5.573467 -17.32695 -16.21302 
  91.8374 -34.95549 8.533156 -14.52599 -24.17445 2.427178 -3.678762 -21.22092 -15.28884 -7.721491 -6.027737 -21.33516 -19.40568 
  90.69848 -31.49577 8.533156 -6.0044 -12.7713 1.225216 -18.04688 -15.12463 -8.319139 -4.146937 -0.4501925 -17.7723 -16.21302 
  93.7444 -19.8192 -0.01152384 4.647583 -4.619012 -5.986557 -21.59749 -22.17347 -2.800898 -9.764093 -5.119198 -1.225795 13.02072 
  94.09113 -13.76469 -6.043064 12.6499 -1.639135 -9.480896 -27.68423 -25.03111 -2.800898 -17.93755 -11.93324 -2.749969 13.6613 
  94.43785 -11.60236 -8.556206 15.11215 4.817266 -5.185249 -38.33603 -34.43561 5.05405 -8.104479 -4.664928 -5.168139 5.974303 
  93.05095 -9.007507 -10.56672 11.41878 4.817266 6.033066 -43.91555 -37.23277 3.801542 -0.8277092 -2.015666 -7.214283 12.05984 
  91.31731 -5.931986 -9.561462 4.453911 6.307203 9.638952 -31.23483 -36.67334 -3.177141 -1.083035 -2.256508 1.060466 5.654011 
  90.07964 -3.048684 -2.524666 -1.743607 0.3474498 8.837644 -26.16254 -30.51959 -11.32909 -6.317203 11.16909 0.6794226 -3.362995 
  88.22313 -2.183694 -0.5141522 2.904531 -3.625719 3.228487 -20.58303 -17.22023 -19.40464 -7.593828 -0.08892965 6.395076 6.294595 
  85.43837 -0.3576031 -0.5141522 1.548824 -8.000392 -2.113568 -18.04688 -2.196532 -8.569968 -3.253299 0.6335964 4.108815 15.58305 
  83.89128 -1.607034 -6.043064 -0.3878994 -2.135781 17.89574 -21.59749 2.645435 1.212369 0.8559791 4.607491 -4.238073 6.935178 
  81.41593 -2.375914 -7.048321 1.548824 -0.6458426 31.4712 -14.49628 -9.028336 5.471553 2.412005 -0.08892965 -2.368926 17.18451 
  80.48767 -1.607034 -2.524666 1.355152 -9.109905 23.55218 -12.9746 -6.742226 0.3344669 12.78551 -2.858613 -0.4637081 20.38743 
  79.55942 -1.222593 -6.043064 -6.585417 1.837388 23.55218 -9.441784 1.677042 5.05405 9.154783 -8.299086 -8.609381 8.856929 
  80.17825 1.180158 -4.032551 -8.134796 -4.122365 13.93624 -9.729935 10.39258 4.636548 12.26683 -14.20459 -8.051341 4.372845 
  81.72535 0.4112778 -9.561462 -7.55378 -2.135781 18.46139 -18.04688 6.196209 -10.82743 16.93491 -6.482008 1.822553 4.693136 
  82.34418 9.528228 -13.49243 -14.33231 -0.1491961 11.67366 -10.30624 2.968233 -1.045094 10.71081 -2.858613 -3.587029 -1.294968 
  84.2007 13.07755 -13.04371 -14.52599 -6.558024 9.104747 -9.585859 -0.2597453 -3.929628 -3.763949 5.691279 -7.307289 -7.123045 
  85.12895 17.33673 -14.03089 -17.04373 -12.7713 1.759422 -12.03514 -3.487722 -3.6788 -10.78539 2.680754 -8.702387 0.209053 
  86.98546 16.39025 -14.92833 -22.77301 -18.54077 11.67366 -16.01797 -13.79107 -3.42797 -13.97696 11.16909 -15.10016 -9.567079 
  91.0079 13.31417 -21.56937 -14.13864 -19.31742 11.10802 -24.64086 -12.64801 13.82161 -20.62759 24.61326 -28.01551 -2.892988 
  92.18413 14.02403 -27.39091 -5.229711 -5.670414 -4.250389 -20.0758 -24.65009 24.25918 -9.12578 8.822226 -15.54552 -4.021004 
  91.66404 13.31417 -30.61381 5.878709 -1.639135 -14.47281 -14.49628 -34.43561 21.33666 2.93068 3.40328 -21.78052 3.41197 
  88.53255 14.49728 -30.9361 9.572087 4.32062 -10.47928 -21.09026 -32.75732 2.13153 9.154783 -1.774824 -33.80515 16.86422 
  88.22313 14.26065 -33.51442 19.4211 3.823973 -17.46796 -28.69869 -43.94595 -3.42797 19.52829 -6.027737 -19.99909 8.536636 
  90.07964 12.13106 -32.86983 17.57441 0.3474498 -18.46634 -18.04688 -56.25344 17.57914 3.968031 -5.119198 -17.32695 4.372845 
  91.0079 10.71133 -28.68007 8.340961 -7.00183 -1.579362 -21.59749 -52.89685 27.1817 -10.65773 7.497595 -16.43623 1.169928 
  90.69848 12.36768 -29.64693 7.109835 -13.54796 8.837644 -16.01797 -46.18368 23.00667 -21.07593 18.31131 -13.44572 -2.704987 
  90.07964 13.31417 -28.35778 2.129841 -21.26024 11.67366 -9.153632 -37.7922 13.40411 -20.17925 17.89118 -4.33108 -7.123045 
  88.22313 14.26065 -24.4903 4.647583 -29.03148 7.769233 -8.57733 -21.22092 12.5691 -25.55935 15.79053 -5.261146 -5.055017 
  88.53255 14.7339 -23.84572 5.263146 -31.9457 0.8245621 -7.424726 -15.69616 15.49162 -22.8693 13.68987 -9.725458 0.209053 
  89.77022 11.65782 -20.04373 4.647583 -33.40281 -7.484131 -1.661706 -16.6487 24.67669 -17.93755 4.607491 -14.18977 -5.525024 
  92.01077 5.032423 -11.69755 -1.356262 -33.40281 -17.46796 9.547141 -15.31514 20.91916 -9.253443 -4.303665 -14.6548 -10.60109 
  93.7444 2.902831 -11.06935 -6.585417 -29.03148 -18.96553 12.67338 -17.02972 18.83165 -8.104479 -8.299086 -5.819184 -14.61669 
  94.95795 2.141258 -10.06409 -8.522141 -26.60297 -21.46149 21.15889 -25.03111 18.83165 -13.59397 -5.573467 1.822553 -8.721067 
  95.82476 2.902831 -14.30013 -7.941124 -20.28883 -21.46149 22.94531 -34.99504 10.89909 -9.764093 5.330016 2.965684 -14.61669 
  96.34485 3.376074 -20.58219 -5.423383 -12.43844 -15.47119 18.47925 -42.26765 13.40411 -8.870455 14.11 -4.6101 -17.41026 
  95.6514 6.925394 -27.7132 -6.972762 -1.142489 -10.97847 15.35301 -45.06481 13.40411 -14.61527 19.15157 -6.377224 -15.41485 
  94.95795 7.162014 -29.96922 0.3867893 -0.1491961 -6.98494 0.3553514 -46.18368 20.91916 -12.06202 21.67235 -17.7723 -5.431023 
  93.22431 10.00147 -29.00236 3.098204 0.8440958 -11.47766 -5.119518 -43.38652 28.01671 -5.040576 19.15157 -29.35159 -10.78909 
  92.35749 10.71133 -28.03549 1.548824 1.837388 -11.47766 -8.001028 -33.87618 25.9292 -13.33865 16.21066 -33.35979 -9.943084 
  91.49068 7.398636 -20.04373 -0.5815716 3.327327 -10.97847 -21.59749 -25.22162 20.50166 -10.65773 10.26728 -20.8898 -18.20843 
  89.15138 6.215529 -15.64628 -3.68033 -6.668976 -7.983322 -18.04688 -18.36329 23.84168 -16.65788 -0.08892965 -19.10837 -6.089032 
  88.22313 -2.856464 -10.56672 -15.49435 -7.334684 -0.7780542 -10.01809 -20.6494 3.801542 -10.53007 -2.015666 -8.33036 5.33372 
  91.8374 -18.08934 4.512131 -24.08827 -3.129073 -5.3188 -17.03243 -9.028336 -24.47024 -5.168239 -7.844816 -25.34337 -5.99503 
  92.53086 -22.41399 17.58047 -27.37642 1.340742 13.93624 -25.65532 -2.842127 -17.18844 -6.444865 3.40328 -15.99088 -8.627066 
  92.87759 -24.14386 20.59624 -34.61036 6.307203 21.28961 -22.10472 4.582221 -15.28884 -8.104479 -3.942402 -21.78052 -8.721067 
  90.07964 -23.27892 18.58572 -35.26799 9.28708 15.63317 -12.03514 0.7086482 -11.20367 -13.46631 -11.93324 -15.10016 -0.7309599 
  86.67604 -27.17111 13.05681 -36.58325 11.27367 12.80495 -16.01797 1.354244 -10.70202 -17.4892 -0.5706139 -2.749969 5.013428 
  85.12895 -29.33344 9.538414 -35.92562 4.32062 26.3804 -18.04688 -16.6487 -5.685432 -18.38589 8.340542 -17.32695 2.451095 
  83.58186 -29.33344 0.993732 -41.18667 -3.625719 22.42089 -16.01797 -18.7443 -1.170508 -11.8067 12.84961 -8.8884 -11.82311 
  82.6536 -32.36069 -3.529922 -53.02402 -13.54796 16.19881 -19.56857 -12.83852 11.31659 -13.72163 5.089174 -8.051341 -15.41485 
  82.03477 -34.95549 0.993732 -51.05113 -10.88513 16.76446 -7.424726 -19.50634 2.13153 -14.8706 3.042017 -6.47023 -11.82311 
  83.27244 -37.55028 4.009502 -36.58325 -11.21798 24.11783 -0.5091019 -27.88875 -8.444553 -16.27489 -6.482008 -13.35271 -13.81852 
  83.27244 -33.22563 -1.519409 -33.2951 -11.21798 17.3301 -5.551744 -17.41074 -5.936262 -34.52617 -16.02167 -4.33108 -22.99742 
  88.22313 -19.8192 -2.022037 -8.909487 5.810557 -4.651043 -29.20592 -20.26838 -4.180458 -21.97262 -11.47897 7.157163 17.18451 
  94.09113 -14.62962 -11.06935 18.80553 5.810557 -13.47443 -35.79989 -36.11391 7.559068 -13.8493 -6.482008 -2.368926 5.013428 
  95.82476 -14.62962 -11.06935 26.80785 10.28037 -16.96877 -39.35049 -42.82709 12.1516 -24.21432 -9.207626 -5.261146 8.216345 
  96.34485 -15.06208 -12.23602 31.73236 16.24013 -14.972 -42.39386 -43.38652 2.549033 -25.55935 -5.573467 1.060466 8.856929 
  96.51821 -15.49455 -12.14627 29.27011 13.26025 -16.96877 -38.33603 -34.99504 1.337784 -24.66266 -2.256508 -2.749969 8.856929 
  96.51821 -16.35948 -10.56672 28.03898 8.293788 -21.46149 -27.68423 -23.31653 1.714027 -20.62759 -7.844816 -12.79467 9.497511 
  96.17149 -15.92701 -9.058834 33.57904 2.830681 -26.4534 -26.16254 -26.55518 -4.305872 -12.44501 3.162438 -8.33036 12.38014 
  95.47803 -16.79194 -10.06409 35.42574 -1.142489 -17.96715 -11.60292 -20.07787 -3.177141 -17.04086 -4.664928 -3.494021 15.90334 
  93.39767 -16.35948 -7.550949 35.42574 -3.625719 -17.46796 -8.433254 -27.31722 -5.434604 -13.72163 -3.821981 -2.368926 13.9816 
  91.0079 -15.92701 -8.053577 37.88799 1.340742 -23.95744 -17.53966 -24.45958 -1.672166 -18.83423 -6.027737 -8.237354 12.38014 
  86.67604 -12.89976 -13.49243 32.96348 -0.6458426 -13.47443 -21.09026 -16.07718 -6.312506 -13.21098 -6.482008 -12.42265 6.614886 
  82.96302 -11.60236 -16.095 34.19461 -1.639135 -12.47604 -19.06134 -31.07902 -15.92204 -15.25359 0.6335964 -13.1667 7.896053 
  80.79709 -12.46729 -17.5309 37.88799 -5.892317 -8.482513 -27.177 -32.75732 -23.83704 -11.04072 6.172963 -19.55373 7.575761 
  79.25 -14.19715 -18.15911 43.42805 -6.558024 -17.46796 -23.11917 -28.46028 -6.688749 -15.8919 -2.015666 -8.051341 8.856929 
  77.39349 -14.19715 -24.16801 39.11911 -7.00183 -19.46472 -27.68423 -27.12671 1.212369 -17.04086 -21.92718 -5.261146 11.41926 
  75.84641 -12.89976 -21.03091 38.50355 -16.76554 -37.9348 -35.29266 -32.19788 -11.4545 -23.31764 -26.92414 -7.121276 6.294595 
  75.22756 -9.103617 -17.26167 31.73236 -22.23164 -37.9348 -31.23483 -36.67334 -11.95616 -18.38589 -16.47594 -2.935983 4.693136 
  73.98989 -10.73743 -19.23603 38.50355 -5.337561 -27.45178 -23.11917 -15.50565 -7.817481 -21.97262 -23.74426 -8.609381 0.8496364 
  72.4428 -9.872498 -14.74884 34.81017 -7.334684 -27.95097 -28.69869 -29.96016 -7.692066 -34.97451 -29.19549 -7.772322 5.33372 
  71.20512 -9.776387 -18.24885 33.57904 -3.129073 -19.46472 -21.59749 -21.79245 -5.434604 -32.28446 -28.74122 7.919251 15.26276 
  69.96745 -7.181417 -16.27449 24.96116 -5.670414 -23.45825 -18.04688 -20.45889 -11.70533 -26.00769 -25.56133 17.44534 13.9816 
  71.51454 -11.60236 -11.24883 12.6499 -0.6458426 -25.45502 -15.00351 -22.17347 -28.26945 -22.8693 -26.0156 14.77804 8.856929 
  70.27687 -12.46729 -11.7873 16.95884 6.307203 -22.45987 -21.59749 -19.69685 -23.52044 -23.31764 -22.38145 17.44534 1.810511 
  68.72978 -6.893086 -14.21038 21.88335 -3.625719 -19.46472 -16.5252 -21.03042 -25.10344 -22.42096 -14.65886 6.395076 5.654011 
  67.18269 -15.06208 -11.96679 7.725398 -1.639135 -17.46796 -2.382083 -13.98158 -1.672166 -16.9132 -20.56437 7.538207 11.73955 
  75.53699 -25.44125 -14.30013 -11.6209 26.17305 -2.38067 -34.27821 -21.98296 -4.305872 30.42047 -33.73819 -6.842257 -4.679013 
  82.96302 -8.815287 -4.032551 -10.07152 -1.639135 -12.47604 -44.93001 -49.54026 0.2090521 31.97649 -10.57043 7.157163 -27.78641 
  93.05095 -0.3576031 -26.42404 5.878709 -19.80313 -3.181978 -31.74206 -33.87618 2.549033 18.49094 7.136332 -16.88159 -13.02036 
  95.6514 -2.856464 -30.9361 4.647583 -21.26024 3.362038 -23.6264 -31.63845 14.23911 14.86021 16.21066 -23.56194 -8.627066 
  97.03831 -5.451436 -29.00236 -3.292986 -17.20935 0.2903566 -12.03514 -34.43561 22.17167 14.86021 14.53014 -24.45266 -8.15706 
  96.51821 -3.913675 -30.61381 -4.455021 -16.43269 -2.647773 -8.145103 -34.99504 17.57914 11.74816 11.58922 -24.45266 -6.465037 
  95.6514 -4.202005 -32.86983 -7.166434 -19.80313 -1.445811 -5.983971 -34.99504 13.40411 7.598757 13.26974 -24.45266 -3.080991 
  95.13131 -4.009785 -35.44815 -6.972762 -25.63156 4.029795 -10.73846 -28.84129 12.5691 3.449355 12.42948 -20.44444 -1.482969 
  95.30467 -3.721455 -36.73731 -3.874004 -26.60297 4.697552 -9.441784 -22.55449 5.889056 1.374654 15.3704 -24.45266 -1.294968 
  94.95795 -1.703144 -38.34876 -1.549934 -28.06008 4.964655 -9.009557 -23.69754 4.219045 -1.593685 17.05092 -27.57016 1.49022 
  93.39767 -1.030374 -40.28251 -2.324623 -32.91711 4.430449 -12.46737 -20.6494 3.801542 -1.593685 19.99183 -23.56194 3.091678 
  91.8374 0.02683735 -42.21624 -3.486658 -36.31702 4.964655 -13.98906 -17.22023 -5.05836 -1.466022 15.79053 -24.45266 5.33372 
  89.4608 4.55918 -43.18311 -5.229711 -33.40281 4.163346 -2.526158 -22.93551 -4.80753 4.486706 15.79053 -24.45266 2.451095 
  88.53255 4.322559 -38.34876 -12.78293 -25.14586 -4.250389 7.314114 -27.31722 -1.170508 0.8559791 20.83209 -28.01551 3.41197 
  87.29488 4.085938 -32.54755 -18.39944 -18.31886 -10.47928 9.100536 -28.65078 -5.309189 3.968031 18.73144 -27.57016 -0.4489555 
  84.81953 6.925394 -33.51442 -18.98045 -12.32749 -15.47119 14.4598 -29.96016 -3.051726 3.449355 23.35287 -28.01551 -2.046977 
  83.27244 8.581742 -30.9361 -23.43064 -9.442759 -9.480896 1.940182 -22.55449 -6.688749 -1.210697 18.73144 -27.1248 -2.892988 
  81.72535 8.818364 -28.35778 -22.11538 -16.54364 0.9581137 -0.6531773 -25.79315 -5.685432 1.89333 15.79053 -27.57016 5.33372 
  79.55942 9.528228 -26.74633 -23.43064 -22.23164 11.67366 -3.246536 -28.84129 0.3344669 5.524056 13.68987 -12.14363 0.5293447 
  77.70291 11.4212 -26.42404 -26.06116 -18.98457 10.70736 -3.678762 -28.26977 -2.675483 19.00961 7.738437 -16.43623 4.372845 
  76.46524 9.054985 -23.20114 -21.45775 -23.68875 13.93624 -1.661706 -19.31583 2.549033 14.34154 2.680754 -17.7723 3.732261 
  74.60873 10.47471 -26.42404 -19.94881 -25.63156 14.50188 -2.526158 -19.50634 2.966536 19.00961 1.837807 -20.44444 2.771386 
  73.06164 9.291606 -29.96922 -24.08827 -16.98745 16.76446 -1.229479 -9.980883 -4.80753 20.04696 6.534226 -23.11659 5.654011 
  71.20512 7.162014 -29.00236 -21.45775 -22.71734 19.59268 1.796106 -6.932735 -5.434604 7.598757 10.74896 -22.22587 3.41197 
  70.27687 6.215529 -32.22525 -28.69168 -17.43125 20.15832 3.669088 -6.170698 -7.315823 -3.891612 0.2723336 -16.43623 -3.739 
  68.72978 3.612695 -31.25838 -29.34932 -13.2151 23.55218 9.100536 -10.93343 -7.441237 0.8559791 -2.136087 -29.79694 -5.901029 
  69.0392 2.66621 -31.58068 -23.43064 -14.54652 15.06752 3.957239 -18.7443 -16.87184 5.005381 2.801175 -25.78873 -13.02036 
  67.18269 2.045148 -34.80357 -26.06116 -14.87937 17.3301 5.397995 -20.83991 -19.40464 -4.912913 9.183489 -22.67123 -12.62127 
  65.6356 0.5073872 -32.54755 -27.37642 -13.54796 16.76446 -2.382083 -35.55447 -26.36984 -1.33836 4.727911 -18.66302 -17.01118 
  65.01676 -1.799253 -33.51442 -24.08827 -8.6661 13.37059 4.24539 -34.99504 -27.95284 -5.423564 2.439912 -14.46879 -17.41026 
  64.70734 -0.9342632 -29.64693 -21.45775 -4.619012 30.33991 4.389465 -32.75732 -22.25404 -2.870311 7.015911 -10.56252 -11.4471 
  63.77909 -1.607034 -31.58068 -24.7459 -6.558024 22.98654 -3.534687 -33.87618 -32.38525 2.93068 16.21066 -11.49258 -10.69509 
  62.85083 -1.510923 -31.25838 -31.97984 -8.6661 29.20862 6.420902 -29.40073 -22.88724 0.3373039 15.3704 -8.423368 -7.781054 
  62.54142 -3.144794 -30.61381 -26.71879 -3.625719 32.60249 2.228333 -19.88736 -23.83704 5.005381 19.99183 -12.32964 -5.713027 
  63.46967 -2.760354 -31.90297 -22.11538 -3.129073 28.64298 0.4994268 -32.19788 -26.05325 7.598757 17.05092 -11.49258 -13.41944 
  62.54142 -4.394225 -33.51442 -26.06116 -2.632427 28.07734 -0.5091019 -30.51959 -24.47024 2.412005 12.84961 -14.28278 -15.81393 
  61.92258 -5.355325 -32.86983 -23.43064 -9.220856 18.46139 -1.661706 -32.75732 -27.00304 -0.7000465 21.25222 -10.65552 -20.60292 
  60.99432 -6.700866 -27.06861 -21.45775 -8.6661 19.02703 0.06720066 -37.23277 -33.65165 -3.380961 14.11 -19.99909 -16.6121 
  61.30374 -4.298115 -26.42404 -19.17412 -5.115658 17.89574 -1.661706 -25.98366 -20.35444 6.561407 23.773 -11.39958 -18.60751 
  58.8284 -5.451436 -25.13488 -18.59311 -5.115658 18.46139 -1.51763 -24.65009 -22.25404 6.561407 27.55417 -11.12056 -23.79558 
  58.8284 -6.700866 -29.00236 -20.80012 -0.6458426 24.11783 6.867508 -13.79107 -15.28884 -2.870311 17.47105 -3.959054 -26.58916 
  58.8284 -4.874775 -24.4903 -15.30068 -6.447073 19.02703 3.813164 -17.41074 -25.10344 -5.678889 -1.654403 -19.55373 -28.58457 
  56.66247 -12.89976 -28.03549 -24.7459 -14.54652 17.89574 4.821693 -15.12463 -12.70865 3.449355 5.691279 -20.44444 -30.1809 
  56.97189 -8.719177 -20.04373 -15.30068 -13.99176 9.906054 5.830221 -20.83991 -18.13824 4.486706 5.330016 -11.6786 -18.20843 
  56.97189 -8.238626 -19.95399 -16.46271 -8.222294 11.67366 6.420902 -1.873734 -5.05836 0.3373039 5.811701 -7.772322 -16.6121 
  56.04363 -7.950296 -19.23603 -12.00825 -13.54796 10.70736 4.821693 1.354244 0.3344669 6.042731 6.775068 -0.8447517 -0.6369581 
  56.04363 -6.796976 -17.35142 -11.03988 -6.11422 8.837644 -3.102461 -4.456116 -13.9628 -9.508768 -4.664928 -12.32964 0.209053 
  56.35305 -7.854187 -16.00526 -11.81457 -10.77417 -0.2438488 -4.687291 -8.07579 -2.800898 -2.997973 -4.664928 -11.6786 -3.362995 
  56.35305 -9.872498 -16.00526 -9.103159 -6.003268 1.492319 -1.949857 -10.55241 -6.688749 1.374654 4.727911 -9.074413 -10.9771 
  56.35305 -7.661966 -18.42834 -11.81457 -8.555148 7.368579 -0.7972527 -7.885281 -11.95616 -9.253443 -8.753355 -17.32695 -11.82311 
  55.11538 -9.295837 -16.00526 -5.229711 -8.998954 10.84091 -1.661706 -13.79107 -18.45484 -7.21084 4.487069 -5.075132 2.130803 
  54.18712 -7.565856 -11.96679 -8.522141 -14.54652 3.629141 4.389465 -8.837828 -8.06831 -1.721348 14.11 -2.749969 -8.721067 
  54.18712 -8.142517 -17.35142 -6.972762 -6.558024 8.837644 4.24539 -5.98019 -4.682117 -1.210697 8.701805 -7.586308 -13.81852 
  54.80596 -8.815287 -18.42834 -14.33231 -10.99608 8.704092 -2.238008 -2.196532 -7.942895 -6.317203 3.523701 -1.606839 -13.41944 
  54.80596 -6.316426 -15.82577 -9.684175 -8.111343 8.704092 0.2112761 -4.133318 -11.70533 -3.125636 0.5131755 -3.866048 -11.0711 
  53.8777 -8.719177 -10.06409 -2.905642 -9.220856 5.231757 -0.07687473 -10.17139 -19.40464 -7.976816 -8.299086 -10.46951 -12.62127 
  54.18712 -7.565856 -12.86422 -6.198072 -9.442759 7.902784 4.24539 -2.842127 -1.546752 5.005381 -4.664928 -5.726178 -8.533064 
  52.64003 -9.872498 -13.76166 -12.00825 -11.99464 10.44026 4.24539 -8.2663 -10.95284 -7.21084 -6.482008 1.44151 0.5293447 
  53.25887 -5.931986 -12.05653 -4.455021 -9.775613 2.427178 2.084258 -9.218845 -9.197041 -0.1813713 -2.858613 -8.237354 -5.807028 
  52.94945 -9.103617 -17.35142 -9.490503 -11.10703 1.759422 3.957239 -0.9053406 -7.441237 -10.91306 -0.3297715 -4.982126 -7.311048 
  51.71178 -9.391948 -13.58217 -7.941124 -7.112782 4.029795 1.36388 -2.196532 -3.302556 0.3373039 2.19907 -2.842976 -4.397009 
  52.02119 -7.085306 -11.96679 -12.20192 -6.558024 6.700822 -0.3650265 -1.550936 -3.553385 4.486706 -2.015666 -8.33036 -11.0711 
  51.35606 -9.391948 -16.27449 -10.26519 -10.21942 0.691011 1.075729 5.873412 -3.6788 -2.997973 3.523701 -4.703107 -3.927002 
  51.17821 -9.488057 -13.13346 -7.166434 -12.43844 0.02325439 0.06720066 -1.873734 -2.173824 -4.912913 -8.299086 -14.6548 -2.704987 
  50.28893 -11.16989 -13.94115 -10.84621 -11.32893 -2.38067 -5.263594 -9.790373 -19.72124 -6.827852 -5.119198 -12.88768 -13.02036 
  49.5775 -12.03482 -16.27449 -7.747452 -13.2151 -0.3773999 5.974297 5.550615 -7.315823 -10.14708 6.172963 -6.377224 -5.337021 
  49.93322 -8.911397 -8.053577 -7.747452 -11.77274 -6.98494 -0.941328 -2.842127 -13.9628 -5.168239 1.356122 -7.679315 -7.217047 
  50.37785 -7.950296 -11.15909 -6.198072 -14.54652 -13.97362 -7.856953 -1.873734 -7.441237 -2.870311 5.450438 -7.679315 -8.15706 
  49.22179 -9.488057 -11.06935 -4.261349 -6.779927 3.228487 5.974297 -5.218153 -16.87184 -15.8919 2.319491 -4.238073 4.052553 
  48.42144 -10.73743 -15.73603 -7.941124 -10.55227 -1.712914 2.516484 4.582221 -4.431287 -6.444865 2.921596 -3.494021 -2.328981 
  49.13286 -9.776387 -13.58217 -8.134796 -7.00183 1.358768 -7.712877 -1.228138 -12.95948 -9.636431 -2.979034 -11.49258 -7.123045 
  47.79894 -9.776387 -12.32576 -12.39559 -8.555148 5.231757 -2.093932 -3.487722 -12.83406 -9.253443 -4.424087 -2.749969 -5.337021 
  48.24358 -10.73743 -13.67192 -9.296831 -13.43701 1.225216 -0.2209501 -9.599865 -18.45484 -16.78554 -5.573467 -15.54552 -11.0711 
  47.53215 -13.33222 -16.27449 -14.33231 -20.77453 -8.482513 -4.255065 -7.694773 -10.07494 -2.997973 4.848332 -4.889119 -8.25106 
  48.68822 -9.584167 -11.06935 -11.03988 -8.777051 6.700822 -1.661706 -9.599865 -5.936262 -8.487467 -3.942402 -10.3765 -11.63511 
  46.90966 -14.19715 -13.76166 -9.103159 -5.115658 6.166616 6.420902 3.29103 -16.55524 -17.93755 -11.93324 -10.56252 -3.174993 
  48.95501 -12.03482 -11.24883 -1.549934 -0.6458426 6.033066 2.228333 0.7086482 -6.939579 -5.423564 1.115281 -10.84154 -7.029044 
  48.33251 -9.584167 -12.23602 -8.715814 -12.43844 6.033066 -0.3650265 -0.9053406 -6.43792 -12.828 -1.654403 -7.214283 -10.60109 
  48.06572 -13.33222 -14.12064 -8.522141 -5.670414 3.629141 6.420902 5.550615 -0.1671915 1.374654 1.596965 -2.368926 -6.841042 
  48.06572 -12.89976 -17.97962 -9.490503 -5.337561 5.765963 2.516484 -4.133318 1.714027 3.449355 8.942647 -5.726178 -8.721067 
  47.9768 -10.73743 -11.42832 -1.937279 -5.337561 11.10802 8.653931 -6.932735 -10.82743 8.117433 2.078649 -5.354152 -5.619025 
  48.42144 -9.680278 -9.561462 -2.518297 -8.555148 11.10802 10.88696 -11.12394 -11.4545 -4.402263 -2.858613 -3.028989 -5.055017 
  48.15465 -12.03482 -10.56672 -3.292986 -3.129073 4.296898 7.314114 2.322637 -4.932945 2.93068 -0.3297715 -9.074413 -11.1651 
  48.42144 -11.16989 -10.56672 -5.229711 -9.109905 2.160076 -6.416198 -10.55241 -10.07494 -14.35995 -5.573467 -5.540165 -2.98699 
  48.42144 -9.776387 -11.33858 -8.715814 -13.2151 3.629141 -2.382083 -15.50565 -5.434604 -5.295901 1.717386 -9.725458 -3.456996 
  48.15465 -13.33222 -17.97962 -10.84621 -7.445635 6.166616 5.974297 -0.2597453 -4.055043 -5.168239 1.958228 -12.14363 -10.22509 
  47.08752 -14.19715 -13.2232 -3.68033 -2.632427 0.4239082 4.965769 -11.12394 -13.83738 -8.232141 7.618016 5.632989 -5.149019 
  47.71001 -12.03482 -9.561462 2.710859 -5.670414 -2.113568 0.931654 -4.456116 -13.58655 -10.91306 -7.844816 -8.8884 -1.012963 
  48.06572 -13.76469 -12.05653 -5.810728 -4.122365 19.59268 17.58604 12.97496 -9.197041 -17.4892 -2.015666 -15.54552 -7.875055 
  48.15465 -12.89976 -13.85141 -7.941124 -3.129073 12.80495 6.867508 -1.550936 -14.65564 -21.07593 -6.936277 -2.749969 -3.550998 
  49.39965 -9.584167 -13.58217 -6.77909 -8.333245 4.430449 -0.7972527 -3.81052 -10.45119 -15.50891 -2.979034 -1.606839 -5.807028 
  48.59929 -11.60236 -13.49243 -8.134796 -3.625719 6.166616 2.228333 -2.196532 -19.72124 -22.42096 -11.47897 -12.32964 -0.07295036 
  48.33251 -12.03482 -10.56672 -9.684175 -15.10128 2.160076 2.084258 -12.64801 -29.53585 -21.52427 -16.02167 -24.0073 -9.003071 
  47.88787 -11.60236 -10.06409 -2.324623 -7.00183 1.625871 -0.07687473 -13.98158 -19.40464 -17.04086 -9.661896 -6.098205 -2.610985 
  48.42144 -7.758077 -10.06409 -6.972762 -12.54939 2.827833 -2.382083 -3.164925 -13.9628 -7.466166 -6.482008 -5.540165 -6.559038 
  49.22179 -6.604756 -7.550949 -8.328469 -9.220856 -4.383941 -0.6531773 2.645435 -8.946212 -2.997973 5.450438 -3.401015 -1.858974 
  48.59929 -9.776387 -8.053577 -2.518297 -9.775613 2.160076 1.796106 2.645435 -0.5434351 -7.849154 -11.0247 -10.3765 -5.619025 
  49.66643 -8.815287 -11.69755 -10.45887 -10.10847 0.5574598 1.507956 3.613828 -9.573284 -8.232141 -5.573467 -1.606839 6.614886 
  49.66643 -9.584167 -14.12064 -7.166434 -8.111343 4.163346 6.867508 9.101389 -10.07494 -6.18954 -1.654403 -9.632452 -0.2609529 
  48.51036 -8.142517 -11.42832 -6.77909 -5.115658 4.697552 -2.382083 -6.742226 -6.061677 -6.444865 -1.172719 -5.819184 -0.7309599 
  48.51036 -10.30496 -11.06935 -10.65254 -8.888002 2.427178 5.54207 -5.98019 -14.08821 -6.827852 -6.936277 -10.3765 -11.3531 
  48.77715 -12.46729 -12.86422 -6.391745 -8.111343 0.8245621 0.06720066 -4.456116 -4.682117 -10.91306 -12.84178 -9.260426 -10.31909 
  48.95501 -10.73743 -16.63346 -12.97661 -12.10559 2.827833 10.44035 3.29103 3.801542 1.89333 -3.821981 -11.30657 5.654011 
  47.17645 -10.30496 -10.06409 -5.036037 -10.21942 -2.914876 -1.373554 -3.81052 -4.80753 0.3373039 -16.47594 -25.34337 -10.41309 
  47.62108 -12.89976 -8.053577 -0.3878994 -6.890879 6.700822 -4.255065 -5.408661 -2.299239 -10.91306 -10.11617 -10.65552 -6.183033 
  46.64288 -12.89976 -13.58217 -7.747452 -15.76698 -1.980016 1.796106 -15.88667 -20.35444 -15.63657 -3.942402 -14.18977 -7.217047 
  46.02038 -15.92701 -17.26167 -13.55762 -10.10847 -3.849735 1.36388 -5.78968 -18.45484 -5.551227 5.691279 -9.074413 -7.969057 
  48.95501 -12.03482 -14.74884 -9.877849 -6.225171 -0.510951 -0.6531773 0.7086482 -7.315823 -6.061877 1.958228 -2.368926 -6.277034 
  48.68822 -11.16989 -16.99244 -9.103159 -13.2151 -5.585903 -3.102461 -5.98019 -21.93744 -5.423564 -7.844816 -2.842976 -6.089032 
  49.31072 -10.73743 -14.12064 -4.261349 -2.135781 1.225216 -4.39914 -9.409355 -16.87184 -17.93755 -9.661896 -16.43623 -15.01577 
  48.33251 -10.73743 -13.49243 -7.747452 -3.129073 15.06752 5.974297 -9.790373 -4.682117 -5.168239 -5.573467 -16.43623 -9.567079 
  56.66247 -13.33222 -29.32465 -15.49435 -12.10559 46.74358 34.11045 -54.57515 -22.57064 1.374654 13.68987 6.77612 -15.41485 
  58.20956 -11.16989 -29.00236 -14.52599 -12.66035 41.65279 34.11045 -64.64492 -25.42004 5.005381 10.74896 11.34864 -9.473077 
  51.53392 -7.758077 -16.81295 -9.296831 -9.220856 18.46139 10.44035 -26.74569 -19.72124 -5.168239 -2.376929 1.060466 -13.81852 
  49.48857 -12.89976 -19.05655 -12.39559 -1.639135 19.59268 9.547141 -4.646626 -6.43792 5.524056 8.942647 3.346728 -8.627066 
  47.71001 -12.46729 -15.55654 -16.65638 -15.43413 3.762692 4.965769 -4.456116 -5.309189 2.412005 8.220121 -0.08266437 2.130803 
  48.86608 -9.584167 -10.06409 -7.941124 -18.42981 0.1568055 9.993747 -7.504263 -9.197041 -5.168239 -11.93324 -18.21766 -5.807028 
  48.59929 -9.872498 -7.550949 -3.292986 -14.10271 0.691011 3.236862 -0.5825428 -7.441237 -13.72163 -14.65886 -14.6548 -8.345062 
  48.51036 -11.16989 -18.24885 -7.166434 -8.444197 -3.31553 1.940182 1.031446 -10.5766 -4.912913 7.738437 0.6794226 -9.849082 
  49.13286 -11.16989 -11.96679 -8.134796 -10.77417 6.967925 1.652031 5.873412 -12.83406 -15.76424 -13.29605 -8.423368 -15.41485 ]
