test02  [
  54.58047 -6.569916 -19.11796 -7.294854 -2.580759 3.956976 0.09926414 -15.09247 -35.40057 -24.97787 -1.991625 -6.325305 -5.821177 
  52.47585 -3.053295 -15.16224 -16.70217 -8.616999 10.09511 13.9411 -5.740986 -30.8996 -21.94854 -0.7336235 -7.635763 -0.9014139 
  52.94354 -3.701094 -19.66358 -14.05342 -9.988872 7.820308 16.01943 -6.656631 -26.89874 -23.9681 -6.01723 -10.61408 -15.3348 
  52.00815 -8.050598 -16.25348 -20.41043 -2.717946 -6.84433 16.85077 -1.227778 -14.45942 -21.27536 1.40498 -7.278365 -12.26739 
  59.02356 -24.94108 7.824998 -46.89795 11.75839 -12.09902 20.1761 -12.98351 -20.89744 -16.22648 -4.130228 -1.798266 -26.07071 
  56.91894 -18.02207 -1.09925 -43.1897 9.888194 -12.53691 23.50143 -9.117085 -14.04514 -16.89967 -1.236824 1.726851 -20.95837 
  53.64508 -11.56433 -18.70875 -32.06493 -15.0648 -6.84433 14.77243 -17.20144 -26.89874 -23.29491 7.737268 -15.02198 -14.31233 
  53.17739 -6.01466 -18.70875 -33.12444 -21.44494 -4.216985 13.10977 -2.35608 1.142344 1.233191 18.22279 -8.827089 -13.8011 
  55.98355 -0.9248142 -21.50166 -30.47569 -22.23392 1.475595 4.13475 -4.612684 -11.6976 0.02278709 6.479006 -25.10246 -16.35727 
  55.04816 -1.387527 -24.15141 -21.46993 -13.83012 -6.260475 4.336525 -0.09947532 -16.11651 -7.602765 11.93148 -19.40161 -19.9359 
  54.81432 -3.053295 -18.84515 -21.46993 -10.67481 -1.881568 18.51343 -6.305138 -26.89874 -19.92899 -3.123827 -17.7728 -21.4696 
  52.94354 -5.089233 -20.07279 -22.52943 -9.714497 9.18519 20.1761 4.977884 -14.04514 -7.844845 -3.375427 -11.8054 -10.22246 
  51.54046 -7.4028 -17.89032 -14.05342 -7.793876 8.275269 2.924105 -11.75329 -20.25924 -6.5134 -9.162234 -13.94979 -1.359066 
  51.30661 -5.274319 -16.25348 -21.46993 -15.0648 11.45999 11.4471 -2.35608 -14.7356 -13.53375 -13.634 -11.92454 -1.816719 
  52.47585 -4.904148 -20.3456 -13.52367 -15.75074 -2.027532 12.6941 -0.6636267 -19.43069 -22.28514 -0.3562231 -8.350558 -12.26739 
  56.2174 -24.47981 -4.931944 -39.48144 -8.754187 -4.216985 -4.137998 29.23638 -39.90154 9.655818 -23.75457 -1.083471 -29.64935 
  55.51586 -30.01502 -3.158691 -45.3087 -11.08637 5.124683 -0.9096079 25.85147 -39.40143 19.66112 -16.24577 8.739938 -15.84603 
  59.95895 -30.01502 -14.61663 -3.647452 -49.05933 34.66299 14.35677 -13.51075 -13.07851 0.5069485 -7.401031 -8.231426 -16.8685 
  66.12943 -37.3953 -5.886771 4.33124 -67.20592 26.92866 9.784431 -19.3104 -17.35933 10.42546 -0.6078234 -0.4878082 -14.31233 
  62.76511 -30.93756 -5.204752 -14.05342 -48.27035 6.910387 0.9063606 -2.35608 -21.89766 20.04593 4.298384 -2.513062 -14.31233 
  57.62048 -17.5608 -14.88944 -9.57448 -40.38052 19.19432 8.573786 -2.920231 -11.14523 0.3859081 3.795182 -7.754896 -23.51454 
  55.98355 -12.02559 -21.06003 -10.25837 -34.85764 21.01417 1.511684 -13.6865 -5.759683 -5.666117 23.25584 -5.372244 -23.51454 
  61.36203 -16.63827 -40.9332 -6.838929 -17.50003 6.000465 -7.164612 -15.09247 2.001016 -9.297331 14.448 -10.37581 2.645392 
  66.9705 -25.40235 -45.79109 0.9118004 -3.815445 5.124683 -18.09581 -16.3227 4.147696 -19.25581 -2.998026 -24.28806 7.47919 
  58.78971 -13.87066 -35.19207 -5.927078 -7.107939 9.640151 -13.82316 -16.49845 -17.22124 -13.87034 -12.65459 -20.21602 -10.73369 
  56.45124 -9.716366 -36.07532 -10.25837 -5.461692 5.270647 -2.523803 -9.468578 -5.897774 -18.58263 -11.67518 -13.11586 -9.253572 
  54.81432 -6.107203 -28.56767 -15.64267 -3.54107 1.767522 -1.716705 -8.062605 -7.278684 -5.181954 -12.00166 -3.942653 -1.931132 
  53.64508 -10.64179 -24.15141 -17.76167 -7.107939 0.4538498 6.556042 0.4646755 -7.416775 -10.74982 2.411381 3.5724 -17.89097 
  51.07276 -12.48686 -22.82653 -12.08207 -10.53762 6.910387 8.977335 3.849582 -8.659594 -6.876522 4.172584 -9.661016 -11.75616 
  51.07276 -11.10306 -24.59304 -19.88068 -12.45824 8.275269 18.51343 5.542035 -16.11651 -6.029238 11.51206 5.41795 -0.3293486 
  50.13737 -10.45671 -21.06003 -17.76167 -11.36074 10.55007 10.61576 -4.048533 -20.89744 -5.302995 0.3985786 -1.798266 -3.189676 
  50.60507 -8.235683 -16.11707 -21.46993 -19.86698 0.7457762 4.336525 -1.791929 -6.312046 -1.429699 4.046783 -3.823521 -10.73369 
  50.60507 -8.235683 -15.70786 -17.76167 -14.10449 -1.443677 9.784431 16.82506 -1.433672 6.577264 9.834373 -5.491377 -8.338266 
  50.83892 -6.755001 -19.25436 -19.88068 -14.92761 5.562574 12.27843 0.4646755 -11.6976 -14.88012 -7.149431 -10.13755 -0.7870007 
  52.00815 -5.366861 -22.38491 -32.06493 -23.02291 10.55007 32.6461 10.6194 -18.04978 -17.57285 5.178985 10.21638 5.951869 
  52.94354 -4.441435 -20.482 -23.58893 -19.078 6.910387 33.47744 16.26091 -11.55951 -28.34379 -12.65459 5.04884 -3.418502 
  52.94354 -5.181776 -21.94328 -25.17818 -20.65596 6.455426 33.8931 23.03072 -1.433672 -21.61195 -7.526832 -9.184486 -5.134699 
  52.242 -4.62652 -20.6184 -32.59469 -22.23392 9.18519 35.97144 21.90242 -12.52614 -25.98765 -15.91929 0.9886312 -7.766201 
  52.94354 -4.533978 -21.06003 -25.70793 -22.23392 -2.027532 26.82677 19.64581 -10.59287 -22.62173 -5.63983 -3.466123 -3.990568 
  52.00815 -5.737032 -17.89032 -18.29142 -9.988872 2.497339 15.60377 14.0043 -4.102591 -7.118602 7.737268 1.726851 -7.194135 
  52.00815 -5.089233 -19.79998 -25.70793 -19.86698 -1.881568 18.09777 14.56845 -21.89766 -16.56308 -2.369025 -3.585256 -1.702306 
  52.47585 -6.755001 -21.94328 -24.11868 -16.71105 -8.595892 10.61576 15.1326 -16.66887 -18.24603 -7.526832 -2.751328 3.103045 
  50.60507 -8.883482 -21.06003 -27.29718 -18.28901 -11.22324 12.27843 2.72128 -20.89744 -14.54352 -6.14303 -12.99673 -10.73369 
  56.45124 3.19113 -2.472211 6.838827 -6.55919 0.8917398 12.27843 0.4646755 -22.39776 -27.6706 -9.288034 -0.9643383 -1.473479 
  79.16613 -6.01466 -16.25348 78.33541 -37.22459 -18.66264 -7.568161 -32.96783 -7.278684 -26.32424 -3.752827 -7.993161 16.13401 
  81.89964 -4.62652 -11.88855 64.52428 -33.27968 -12.68287 0.9063606 -31.77723 -17.49742 -35.07563 -9.162234 2.834181 21.22508 
  86.73583 -9.253653 -16.66269 75.37588 -25.38985 -11.51516 -12.41074 -43.68326 -9.48814 -13.29167 0.3985786 -7.51663 20.20687 
  91.88545 -20.78967 -1.09925 55.64569 -7.519501 -28.78224 4.740074 -45.46916 -6.450137 -16.56308 -12.32812 -6.56357 15.6249 
  90.59871 -17.5608 0.960192 48.74012 -1.757635 -29.70221 1.713459 -42.49265 -2.85977 -13.04959 -14.93988 -2.989593 9.515618 
  89.6796 -15.71573 0.960192 48.74012 7.394602 -35.68197 1.511684 -46.06446 -1.433672 -14.88012 -7.401031 -6.801835 5.951869 
  89.46933 -17.09953 5.765556 38.87502 -1.757635 -24.6424 7.766687 -35.94434 -9.350049 -21.94854 -14.93988 0.2504115 1.272435 
  84.63313 -13.87066 5.079075 36.902 -2.03201 -25.56237 10.2001 -28.44923 -10.31669 -28.34379 -17.87811 -1.440868 3.903936 
  79.58667 -7.865513 -1.78573 34.92898 -12.32106 -22.80248 26.4111 -27.04325 -9.48814 -9.902534 -9.917035 -0.6069412 7.988297 
  77.2737 -7.587885 -11.61574 44.79408 -16.02511 -15.90275 23.9171 -11.40179 14.45176 -23.29491 0.3985786 -0.4878082 4.01835 
  75.17101 -1.942783 -14.88944 43.80757 -12.73262 -8.303966 21.00743 -23.00108 2.001016 -21.61195 -1.740025 6.52528 12.06115 
  74.54021 1.866155 -13.25259 47.75361 -18.28901 -14.5228 17.26643 -28.27348 -4.240681 -16.56308 -9.917035 5.787059 13.07937 
  73.48885 -0.7397289 -15.70786 45.78059 -14.10449 -20.04258 10.61576 -21.06786 -6.86441 -22.28514 -2.494825 22.76611 12.06115 
  72.22724 -1.665155 -20.6184 42.82106 -22.23392 -23.26246 16.4351 -17.20144 -9.764322 -26.66083 -13.634 20.92056 10.02473 
  70.75536 -7.495342 -22.38491 39.86153 -23.02291 -8.303966 19.76043 -12.80777 -7.140593 -26.66083 -16.24577 4.67973 1.043609 
  70.54508 -4.533978 -20.3456 34.92898 -18.28901 -8.012038 17.6821 -29.39602 -12.80232 -16.89967 -17.55164 0.6195214 -5.706765 
  69.0732 -7.865513 -18.02673 33.94247 -27.7568 -3.487167 18.09777 -43.08796 -14.59751 -19.5924 -12.65459 5.04884 -7.308548 
  69.28347 -6.477373 -20.6184 34.92898 -26.96782 -23.72244 13.52543 -38.92085 -19.2926 -26.99742 -10.69578 19.44412 -3.761742 
  68.86293 -6.569916 -16.25348 36.902 -23.02291 -22.80248 18.9291 -23.35257 -19.56878 -17.23626 -15.59282 16.12214 -6.050004 
  83.37152 -24.94108 -8.069236 -6.155041 -1.620448 -6.260475 -16.55597 -16.49845 -11.6976 3.113892 -25.71339 -2.632195 -6.393243 
  88.41798 -22.63474 0.960192 -8.206705 1.78402 -7.428184 -11.40187 -9.117085 -11.83569 -6.150279 -16.8987 0.2504115 -2.388784 
  93.53983 -16.177 3.019634 10.94216 13.31688 -23.26246 -25.28177 -28.27348 -2.85977 1.475272 -11.02225 4.67973 2.302154 
  99.78973 -14.7932 -8.614852 19.14482 12.07009 -28.32226 -31.44116 -44.27856 5.006367 -3.85051 -5.63983 10.21638 2.759806 
  101.2603 -13.87066 -12.97978 20.13133 9.264797 -34.76201 -35.03413 -44.27856 11.44641 -4.213631 -2.620625 13.53837 2.18774 
  101.0765 -12.02559 -14.48022 21.11784 8.3297 -38.44186 -38.62711 -42.49265 11.01707 -0.0982542 1.27918 16.12214 5.442762 
  100.7088 -10.64179 -13.7982 23.09086 6.459506 -42.12172 -39.1404 -38.92085 14.45176 -1.066578 1.40498 11.69282 9.006512 
  100.3412 -10.54925 -13.11618 22.10435 3.654214 -42.12172 -39.65368 -35.94434 13.16375 -0.3403349 -3.878627 13.16926 8.497404 
  99.97355 -9.993994 -13.5254 21.11784 2.095719 -38.90184 -37.60055 -32.37253 13.16375 -3.608428 -5.63983 16.49125 10.53383 
  99.23827 -9.623823 -13.25259 24.07737 3.965913 -36.14195 -40.68024 -28.80072 7.153047 -2.519064 -5.010829 19.07502 5.442762 
  97.03242 -7.032629 -14.07101 27.0369 4.90101 -35.22199 -37.60055 -25.81303 3.718359 -6.876522 -3.627027 19.81323 5.442762 
  95.74568 -6.755001 -13.6618 29.00992 6.459506 -34.30202 -36.57398 -23.00108 1.571679 -10.50774 -4.381828 22.02789 9.515618 
  93.1722 -3.978722 -13.25259 29.00992 9.888194 -37.5219 -27.3349 -27.57049 11.01707 -20.93877 1.153379 15.01481 15.6249 
  90.41489 -2.683125 -12.70697 28.02341 7.706302 -32.4621 -21.17551 -23.35257 16.1691 -24.97787 -8.281633 14.6457 15.6249 
  86.31529 -2.498039 -17.48111 30.98294 5.524408 -19.12262 -15.63913 -31.18193 11.87574 -19.5924 -16.24577 9.847268 6.970083 
  84.00233 -1.665155 -22.82653 26.05039 0.7117348 -18.66264 -11.80542 -29.39602 9.299727 -14.20693 -18.20458 14.27659 10.02473 
  82.74071 0.4633255 -25.47629 25.06388 0.3001728 -20.50257 -9.182356 -32.96783 -0.145664 -29.69016 -23.10163 5.41795 17.15223 
  81.26883 0.8334961 -26.35954 30.98294 -3.952632 -20.96255 -15.23559 -31.77723 1.142344 -20.26558 -17.87811 8.370829 14.60669 
  84.00233 -10.64179 -18.84515 18.15831 -2.443572 -5.530657 -36.0607 -16.67419 -15.84033 -11.23398 -19.18399 11.32371 7.988297 
  83.79206 -16.63827 -7.52362 16.1853 2.719117 -11.66113 -39.65368 -13.86225 -12.80232 -23.9681 -22.12222 3.5724 20.20687 
  85.68449 -17.5608 -5.068348 20.13133 20.48596 -1.15175 -48.89276 -8.941339 -5.207318 -11.35502 -17.22517 5.04884 20.71597 
  87.36664 -9.16111 1.646672 21.11784 16.12218 -2.027532 -43.75994 -12.45627 -8.935776 0.1438274 -17.55164 5.787059 12.06115 
  89.0488 -0.5546436 -4.79554 21.11784 11.75839 -10.49342 -39.1404 -21.9466 -12.80232 9.655818 -15.59282 5.04884 7.988297 
  90.96635 0.2782402 -10.2517 20.13133 10.82329 -10.05553 -44.27322 -28.62497 -9.626231 16.58256 -7.904233 -4.776581 1.844501 
  94.09129 -4.996691 -6.841599 6.838827 19.23917 -9.909565 -44.7865 -26.51601 -14.7356 12.73437 -3.375427 -5.491377 2.988632 
  95.0104 -8.328226 -6.841599 7.522717 17.99237 -9.32571 -48.37948 -34.15843 -9.764322 5.807626 1.65658 -2.036531 4.247176 
  94.64275 -7.587885 -6.978004 9.574379 15.49878 -13.60284 -44.27322 -35.94434 -11.14523 7.731722 0.5243788 0.6195214 3.903936 
  94.64275 -6.662458 -7.250812 8.890491 14.25198 -10.34746 -41.70681 -37.73024 -11.14523 8.116541 -2.369025 -1.202603 4.590415 
  92.25309 -4.348892 -4.659136 9.802341 17.68067 -9.909565 -46.32635 -29.39602 -14.32133 8.886179 -10.3693 -4.419184 0.9291954 
  87.99745 0.7409534 -2.472211 10.0303 11.44669 -5.822585 -31.95444 -30.58662 -22.89787 -3.729468 -6.01723 -11.56714 0.9291954 
  82.32018 0.2782402 -8.614852 13.44974 0.8489227 -9.32571 -21.68879 -21.24361 -14.59751 -19.92899 -16.57224 -6.801835 3.103045 
  79.16613 0.8334961 -15.29865 23.09086 10.82329 -0.4219322 -24.76848 -18.43166 -10.45478 -18.24603 -18.85752 5.04884 0.4715433 
  78.53532 5.509839 -21.50166 18.15831 8.641398 -9.179747 -30.92787 -19.3104 -22.39776 -17.23626 -14.93988 7.632609 9.006512 
  77.2737 6.50357 -22.38491 12.53789 8.953097 -5.822585 -31.95444 -24.2313 -22.89787 -3.97155 -7.275231 7.632609 4.247176 
  77.48398 7.166059 -11.07012 16.1853 20.48596 -12.53691 -32.981 -21.77085 -11.83569 -21.94854 0.6501789 -4.180918 1.501262 
  88.20772 -6.662458 -3.431499 -14.05342 15.18708 -5.384694 -34.00757 -25.46153 -0.145664 -8.450048 4.801584 -18.18 -5.477939 
  89.86343 -17.09953 -0.4127691 -15.64267 8.3297 -2.465423 -32.46772 -28.44923 4.577031 -1.913861 -2.369025 -13.23499 4.476003 
  87.5769 -18.9446 -8.751256 -14.05342 11.44669 12.82487 -40.68024 -27.219 12.30508 5.807626 -2.620625 -21.43763 -0.2149353 
  86.52556 -13.4094 -12.57057 -11.62614 4.589311 2.93523 -18.60909 -1.227778 5.006367 9.270999 3.543582 -27.13848 -8.223853 
  87.78718 -10.36416 -12.70697 -3.41949 9.888194 8.275269 -13.41962 -1.227778 -20.25924 17.3522 8.15669 -7.397498 -2.045545 
  87.5769 -2.127869 -16.9355 2.279575 11.13499 -4.508912 -8.778807 -6.656631 -19.01642 15.81292 10.25379 -7.0401 -1.931132 
  88.83852 0.9260387 -15.16224 -3.875415 6.147806 1.183667 -9.787678 -2.920231 -13.07851 21.97003 7.317848 -16.55119 -5.821177 
  89.86343 5.178594 -13.38899 -11.39818 -23.02291 20.10425 -4.541546 -2.920231 -4.240681 2.344254 13.60916 -18.18 -6.278831 
  90.78252 10.14725 -24.15141 -6.155041 -26.96782 24.19889 -7.971709 1.592978 2.001016 0.02278709 7.737268 -25.91687 -5.363525 
  89.6796 11.80347 -23.26816 -3.647452 -26.17884 15.55464 -10.19123 11.18355 2.859687 -8.086926 14.86742 -14.42632 -8.681505 
  88.41798 12.79721 -20.482 -3.875415 -23.02291 16.91952 -15.84091 2.157129 3.289024 0.8700705 22.417 -20.21602 -8.338266 
  83.58179 14.45343 -18.98156 -1.367826 -15.20199 18.2844 -17.58253 -0.6636267 0.7130079 -2.155942 27.45004 -12.63933 -6.736483 
  77.48398 11.80347 -20.20919 0.2279119 -4.089819 23.28897 -5.348643 6.670338 -4.378773 -19.5924 16.12568 -21.03043 7.47919 
  73.90939 7.497302 -20.6184 -7.066892 2.407418 21.01417 -5.550418 -1.227778 2.001016 -10.50774 21.99757 -13.83066 0.7003698 
  72.85805 13.45969 -21.94328 -15.11292 -12.04668 14.64472 -0.1025105 3.849582 -7.278684 -10.62878 6.898427 -4.300051 -6.736483 
  73.06831 14.12218 -23.70979 -19.35093 -6.970752 16.0096 3.327652 3.849582 -4.793045 -11.5971 9.414951 -14.18806 -6.965309 
  70.96562 14.12218 -22.82653 -19.35093 -4.638568 24.19889 0.9063606 -1.791929 -6.726319 -11.96022 1.153379 -21.43763 -9.482397 
  73.90939 -1.665155 -11.61574 -24.64843 -6.147628 13.27984 2.117006 -12.80777 -13.49278 6.192445 -11.34871 -16.14398 -2.274371 
  81.05856 -21.25094 -11.88855 -18.29142 -21.44494 2.93523 10.61576 -17.90442 -19.84497 14.27365 -10.3693 -27.13848 -2.159958 
  75.38128 -4.441435 -12.97978 -20.94018 -26.17884 -0.4219322 8.77556 -12.45627 -17.7736 0.6279888 -11.02225 -21.43763 4.132763 
  71.38616 4.84735 -16.52628 -22.52943 -22.23392 6.455426 3.731201 -5.740986 -16.53078 -1.671781 -10.69578 -21.03043 0.01389122 
  68.65266 7.497302 -20.6184 -23.05918 -18.28901 7.365347 -2.322028 -14.03799 -26.39863 -5.060914 -13.634 -20.62322 0.5859566 
  67.60131 4.516107 -21.94328 -25.17818 -11.49793 10.09511 1.30991 -14.74098 -15.70224 -4.334671 -7.526832 -18.99441 -4.905873 
  75.59155 -15.71573 -15.43505 -21.46993 -15.20199 12.82487 0.09926414 0.4646755 -5.4835 3.113892 6.479006 -22.25204 12.06115 
  84.00233 -24.94108 -1.78573 -15.64267 -13.55574 1.183667 -5.146869 1.592978 -8.10723 1.112151 -26.03986 -16.55119 10.53383 
  91.15017 -11.56433 -3.977116 11.62604 6.459506 -13.60284 -28.87474 -19.83764 1.571679 -6.997562 -20.1634 -6.920967 1.730087 
  95.37804 -8.790939 -10.66091 25.06388 12.69349 -26.02235 -36.0607 -45.46916 14.02242 -8.571089 -5.63983 -3.823521 3.217458 
  97.58389 -10.45671 -10.93372 22.10435 13.00519 -34.30202 -34.00757 -49.04097 13.59309 -15.88989 -9.665435 0.9886312 10.53383 
  97.95152 -10.64179 -12.43416 25.06388 9.264797 -33.38206 -31.44116 -50.23158 14.88109 -17.90944 -15.26635 7.263499 5.951869 
  96.29714 -7.680428 -13.93461 27.0369 14.25198 -32.00212 -25.79505 -54.39869 16.59844 -12.32334 -27.99868 12.06193 2.759806 
  90.96635 -3.330923 -15.57146 27.0369 17.99237 -26.48233 -17.58253 -53.20808 9.299727 -12.68647 -22.77516 3.5724 -1.587893 
  84.42287 0.09315491 -14.48022 32.95596 14.25198 -18.66264 -13.82316 -46.06446 9.729063 -13.04959 -11.67518 6.156169 -5.020286 
  82.1099 0.09315491 -16.25348 28.02341 4.277612 -14.06282 -8.173484 -43.68326 11.87574 -20.93877 -10.04284 -3.108725 -2.159958 
  86.31529 -12.48686 -3.158691 24.07737 -8.06825 -5.822585 -19.63566 -23.87981 -7.692957 -5.908197 -20.1634 4.67973 1.272435 
  92.43691 -13.87066 -1.78573 29.00992 3.030816 -13.14285 -29.38803 -27.39475 1.142344 -14.54352 -22.77516 3.94151 0.9291954 
  93.1722 -11.10306 -7.114408 41.83455 9.888194 -22.34249 -22.20207 -42.49265 4.577031 -24.64128 -4.256028 -9.899282 7.47919 
  95.19421 -14.7932 -3.158691 37.88851 6.771204 -22.34249 -18.09581 -30.58662 -8.383411 -15.5533 -11.67518 -7.0401 11.04294 
  95.56186 -16.177 -1.78573 33.94247 4.277612 -27.4023 -20.14894 -26.16452 -9.902413 -4.576752 -10.04284 -5.133979 11.04294 
  94.64275 -14.7932 -5.204752 33.94247 4.277612 -28.78224 -15.43736 -21.5951 -13.49278 -10.3867 -8.281633 1.357741 9.006512 
  93.53983 -12.02559 -7.52362 31.96945 4.277612 -26.02235 -17.06925 -17.72868 -12.38805 -18.91922 -6.26883 3.5724 13.07937 
  92.62073 -10.17908 -6.978004 31.96945 6.147806 -26.94231 -19.12238 -23.00108 -4.516863 -13.87034 -15.91929 -4.061786 11.04294 
  90.23106 -3.330923 -9.842487 27.0369 4.90101 -12.53691 -29.38803 -28.27348 -0.5750001 -13.87034 -17.55164 -11.56714 10.02473 
  86.73583 1.203667 -9.56968 26.05039 -3.403883 -0.4219322 -25.79505 -34.75373 -9.073867 -11.23398 -9.917035 -16.55119 3.331871 
  82.32018 0.0006122589 -15.84426 36.902 -4.501381 -8.741856 -9.38413 -25.46153 -12.94042 -10.50774 -17.87811 4.67973 5.442762 
  80.42775 1.111124 -18.02673 39.86153 -1.483261 -7.28222 -6.155741 -25.81303 -10.0405 -9.902534 -13.634 -6.325305 9.515618 
  79.58667 -2.683125 -21.50166 38.87502 -4.364194 -10.78535 -12.61252 -15.09247 -7.140593 -9.176291 -27.01927 -1.202603 2.874219 
  78.53532 0.2782402 -20.6184 37.88851 -4.089819 -17.74267 -13.21784 -18.60741 -7.002501 -13.87034 -20.1634 0.2504115 3.446284 
  76.6429 0.6484108 -15.29865 42.82106 -0.2485752 -10.63938 -0.304285 -24.05556 -9.211958 -10.50774 -13.634 8.370829 13.58848 
  76.01208 5.509839 -15.29865 40.84804 11.75839 -13.60284 0.9063606 -30.58662 -4.793045 -12.44438 -17.55164 9.109048 19.18865 
  75.59155 1.534911 -14.07101 34.92898 9.264797 -20.50257 -16.55597 -20.36488 0.283672 1.959435 -9.791235 16.86036 12.57026 
  83.58179 -13.87066 -10.66091 -5.054474e-05 3.654214 4.248903 -20.66223 -11.57754 -9.626231 -1.792821 -3.752827 11.32371 13.58848 
  81.4791 -8.605854 -1.78573 11.85401 6.459506 9.640151 -14.22671 0.4646755 -23.89809 -3.003225 -7.652632 -1.202603 -7.995027 
  81.4791 -3.701094 -0.4127691 4.103277 -2.03201 11.00503 -22.20207 12.876 -17.22124 3.498711 -17.55164 -4.300051 -2.503198 
  82.1099 -0.09193039 0.2737114 10.71419 -12.45824 -0.2759686 -24.2552 6.106187 -9.902413 -4.09259 -16.57224 1.726851 -7.537374 
  82.1099 5.178594 1.646672 14.13363 -16.29949 -6.406439 -31.44116 10.05525 -7.002501 -6.997562 -26.36633 0.2504115 8.497404 
  80.63802 12.46596 0.960192 14.3616 -18.28901 -9.909565 -24.2552 4.977884 -8.935776 -10.62878 -16.57224 -5.491377 -4.333807 
  79.3764 17.43462 2.333153 20.13133 -17.50003 -19.12262 -20.14894 -4.048533 -4.378773 -12.32334 -11.34871 -7.993161 -14.31233 
  80.42775 17.10338 4.392595 19.14482 -24.60087 -23.26246 -2.120254 -5.740986 -24.3982 -9.781493 -7.526832 -13.23499 -5.706765 
  82.74071 12.46596 9.884439 16.1853 -19.86698 -32.4621 -0.304285 -11.92903 -21.39755 3.113892 -17.22517 -12.1628 -13.8011 
  86.31529 5.841082 15.37628 14.81752 -32.4907 -29.70221 -2.725577 -3.484382 -24.3982 5.037988 -18.20458 -21.84484 -11.24493 
  88.41798 5.509839 11.94388 16.1853 -45.9034 -25.10239 -5.146869 7.234488 -38.90133 3.498711 -18.20458 -14.54545 -13.28986 
  90.23106 2.197399 14.6898 10.48623 -48.27035 -33.38206 2.117006 -0.09947532 -40.40165 1.838394 -21.79575 -16.95839 -15.84603 
  91.88545 0.0006122589 14.6898 5.015127 -47.48136 -36.14195 7.766687 -5.740986 -41.90197 -4.576752 -19.83693 -13.35413 -20.44714 
  92.80455 -0.7397289 13.31684 3.875315 -48.27035 -32.00212 9.784431 -8.589846 -38.40122 -9.05525 -15.26635 -13.23499 -16.35727 
  93.90747 -0.6471863 8.511478 1.367725 -48.27035 -25.56237 12.27843 -10.87455 -33.90025 -6.5134 -12.32812 -11.68627 -12.77863 
  96.11332 -3.330923 3.706114 -2.051714 -44.32543 -20.96255 16.4351 -9.292831 -32.90003 -7.481724 -3.375427 -10.49494 -9.59681 
  96.48096 -4.533978 -2.472211 1.139763 -38.01357 -15.90275 16.01943 -7.711111 -28.39906 -9.660453 6.479006 -3.704388 -17.37973 
  96.8486 -3.886179 -3.158691 2.963464 -30.12375 -15.90275 4.941847 -18.08017 -29.39927 -7.965886 13.18974 2.465071 -17.37973 
  95.56186 0.6484108 -8.069236 5.471052 -25.38985 -9.179747 -2.927351 -26.86751 -29.39927 -5.908197 17.80337 2.095961 -17.37973 
  94.09129 3.522374 -11.20653 5.24309 -16.43667 1.329631 -12.20897 -31.77723 -23.89809 -11.96022 28.70831 -4.895714 -14.82356 
  92.25309 4.516107 -10.79732 7.978642 -16.43667 2.789267 -14.22671 -31.77723 -11.83569 -5.787157 9.834373 -14.30719 -8.567093 
  90.04724 1.534911 -8.614852 7.522717 -9.851685 5.562574 -10.99832 -31.77723 -15.42605 0.1438274 -2.998026 -13.83066 -6.050004 
  91.15017 -17.09953 4.392595 -2.279676 -7.931063 8.275269 -4.137998 -21.77085 -22.39776 8.50136 -17.22517 -8.946221 -3.532916 
  91.15017 -24.47981 15.37628 -6.155041 -23.02291 -3.19524 -9.182356 -34.75373 -24.8983 -3.608428 -20.1634 -13.11586 -5.592351 
  90.96635 -25.40235 28.41941 -0.9119005 -14.37886 -6.406439 -11.40187 -34.75373 -29.39927 -8.571089 -3.878627 -2.751328 -6.850896 
  91.51781 -23.09601 26.35997 -6.155041 -13.41855 -0.5678959 -6.761064 -23.52832 -27.39884 -13.17063 -1.740025 -5.372244 2.759806 
  88.83852 -20.78967 22.92757 -9.346518 -8.205438 5.416611 -8.577032 -18.9589 -22.39776 -1.308659 -14.93988 -10.97148 0.01389122 
  87.78718 -26.32488 18.12221 -4.787266 -7.107939 6.000465 0.9063606 -17.02569 -29.39927 -2.882185 -9.917035 -15.02198 1.158022 
  86.31529 -30.47629 9.884439 -12.76596 -23.81189 1.913486 4.740074 -15.26822 -26.89874 -4.455711 -0.7336235 -10.01841 2.073327 
  84.42287 -33.70516 13.31684 -16.70217 -22.23392 -0.2759686 -4.137998 -24.05556 -22.89787 -6.5134 -4.256028 -13.71152 -6.050004 
  85.47421 -32.78262 13.31684 -21.46993 -27.7568 6.455426 12.6941 -14.56523 -22.39776 -14.20693 -0.6078234 -11.32887 -10.22246 
  84.2126 -23.55728 20.18165 -18.82117 -24.60087 13.7348 18.09777 -9.292831 -21.39755 -20.26558 0.6501789 3.20329 -9.711224 
  85.47421 -12.48686 31.85182 -16.17242 -12.73262 8.275269 -0.9096079 -24.40705 -12.24996 -19.25581 -4.004427 3.20329 -2.96085 
  85.05368 -6.662458 27.04645 -14.58317 -6.833565 0.1619225 4.740074 -30.58662 -17.22124 -21.27536 0.1469784 -8.707956 0.1283045 
  84.00233 -3.886179 20.18165 -0.683938 -12.59543 3.519085 12.6941 -15.26822 -29.39927 -26.66083 4.927384 -15.73678 -4.562634 
  83.58179 -0.3695583 20.18165 4.103277 -14.24168 -4.216985 11.4471 -17.90442 -42.40208 -8.329008 7.737268 -21.43763 -8.338266 
  82.95098 3.853618 18.12221 6.610865 -18.28901 -13.60284 11.86277 -10.69881 -40.40165 -8.93421 3.040381 -28.7673 -3.189676 
  81.26883 6.172326 17.43572 8.662529 -15.33918 -19.5826 16.4351 -6.305138 -45.90284 -8.086926 -4.004427 -30.39611 4.132763 
  78.53532 7.166059 18.12221 11.62604 -9.988872 -15.90275 14.77243 -15.09247 -52.40424 -6.029238 1.40498 -36.09697 -0.6725874 
  77.2737 10.14725 16.74924 6.15494 -13.69293 -6.114511 10.2001 -7.008125 -44.90262 -17.23626 -2.243225 -28.3601 -5.249112 
  74.32993 10.14725 17.43572 4.33124 -8.754187 -0.2759686 10.61576 -17.72868 -44.40251 -19.25581 -4.507628 -17.7728 3.560698 
  77.48398 -4.904148 24.98701 -4.559302 -30.12375 11.91495 -6.155741 -5.740986 -32.39992 -23.6315 -7.526832 6.156169 -6.622069 
  80.21748 -18.9446 33.22478 -6.610966 -16.71105 11.45999 -11.60365 -21.24361 -37.401 -22.28514 -16.8987 -0.4878082 -8.910332 
  85.05368 -25.40235 40.08958 4.103277 -15.88792 18.2844 -5.953966 -24.2313 -33.40014 -27.33401 -23.10163 10.21638 0.1283045 
  86.73583 -30.01502 35.9707 13.44974 -16.71105 13.27984 4.740074 -3.484382 -25.39841 -19.25581 -27.01927 -5.133979 -4.562634 
  87.99745 -30.01502 22.24109 24.07737 -2.992321 -8.303966 -11.2001 1.028826 -20.89744 0.5069485 -21.46928 -1.679134 1.844501 
  87.99745 -26.32488 11.2574 33.94247 8.018001 -17.28269 -28.36146 -11.22605 -14.45942 3.498711 -17.22517 -1.679134 6.460976 
  89.86343 -22.63474 5.079075 42.82106 13.00519 -28.32226 -37.60055 -27.92199 -10.73096 -1.187618 -16.8987 -6.325305 -5.363525 
  91.51781 -19.86714 0.960192 42.82106 9.888194 -30.16219 -39.1404 -40.70675 -8.10723 -14.20693 -10.69578 -10.49494 -6.393243 
  91.70163 -17.5608 0.960192 39.86153 8.018001 -26.48233 -41.70681 -43.08796 -5.069227 -8.207967 -15.26635 -18.18 -12.26739 
  89.25906 -15.71573 -1.09925 34.92898 5.836107 -19.5826 -38.11383 -46.06446 -3.135952 -10.14462 -19.18399 -18.18 -12.77863 
  81.89964 -12.48686 2.333153 27.0369 2.407418 -7.28222 -17.06925 -30.58662 -11.97378 5.807626 -6.772031 -5.848774 -14.82356 
  79.58667 -10.64179 5.079075 31.96945 -2.03201 -1.589641 -18.09581 -17.90442 -24.3982 -1.429699 -4.633428 8.370829 -19.9359 
  79.79694 -7.125172 3.019634 29.99643 -6.147628 -2.611385 -28.36146 -11.40179 -15.97842 -7.965886 -5.262429 2.095961 -3.761742 
  77.06344 -1.850241 3.706114 31.96945 9.888194 -3.19524 -29.90131 -24.2313 -9.350049 -7.723805 -17.22517 -2.87046 -1.816719 
  80.00721 -13.87066 3.019634 34.92898 5.524408 3.811012 -19.63566 -45.46916 -1.004336 -11.35502 3.291982 -9.422751 3.789524 
  83.58179 -22.63474 7.824998 12.76586 8.641398 11.45999 -8.980581 -40.11145 -6.312046 0.2648678 10.67321 -4.895714 2.988632 
  86.52556 -8.605854 5.079075 13.22178 -3.952632 8.275269 -16.04268 -50.23158 -26.39863 3.498711 32.48309 -2.274796 -17.89097 
  88.83852 -3.23838 -1.09925 15.50141 -16.29949 2.643303 -8.577032 -55.58929 -23.89809 -12.08126 26.6112 -2.989593 -8.45268 
  90.23106 -1.017357 1.646672 14.13363 -20.65596 -5.822585 2.72233 -60.947 -24.3982 -19.92899 21.99757 -1.679134 -12.26739 
  91.15017 -0.8322716 0.2737114 13.90567 -24.60087 -7.866075 4.941847 -64.51881 -29.39927 -25.98765 24.93352 -4.538316 -16.35727 
  91.51781 -1.202442 0.2737114 12.08197 -23.81189 -10.93131 6.757816 -62.1376 -31.89981 -29.69016 29.54715 -7.397498 -15.84603 
  91.88545 -0.9248142 -4.79554 14.13363 -24.60087 -9.471674 5.547171 -65.70941 -31.39971 -24.64128 29.12773 -7.278365 -15.84603 
  90.96635 -0.184473 -7.796428 17.1718 -25.38985 -7.136257 1.915232 -66.90002 -29.39927 -12.32334 21.57815 -10.37581 -12.77863 
  88.83852 2.528643 -12.16136 21.11784 -26.17884 -7.428184 1.511684 -66.30472 -33.40014 -7.360683 16.96453 -17.36559 -14.82356 
  87.5769 -4.071264 1.646672 12.30993 -20.65596 1.475595 5.95072 -54.39869 -39.90154 -0.7034559 11.51206 -5.491377 -15.3348 
  85.26395 -6.107203 12.63036 7.978642 -23.02291 5.270647 9.784431 -55.58929 -30.8996 -6.5134 8.15669 4.67973 12.57026 
  86.10503 -14.7932 25.67349 0.2279119 -14.92761 0.7457762 10.2001 -45.46916 -24.8983 -5.908197 9.834373 0.9886312 6.460976 
  87.78718 -26.32488 28.41941 -2.507639 -20.65596 9.18519 18.09777 -53.20808 -23.39798 -10.02357 17.80337 7.632609 3.331871 
  89.46933 -36.47276 23.61405 -5.054474e-05 -16.71105 2.059449 17.26643 -46.65977 -23.39798 6.962083 21.15873 0.9886312 0.1283045 
  89.25906 -39.24037 19.49517 -1.139864 -13.83012 0.5998125 13.9411 -49.63627 -25.39841 15.04329 8.15669 -0.9643383 5.951869 
  87.36664 -36.0115 10.57092 4.787165 -10.53762 -2.757349 -0.7078333 -48.44567 -31.89981 15.42811 9.414951 -6.682702 10.02473 
  85.26395 -28.63122 6.452036 -4.787266 0.8489227 4.248903 -6.761064 -54.39869 -38.40122 5.807626 1.153379 0.2504115 10.53383 
  82.1099 -20.32841 10.57092 0.9118004 -19.078 -6.552402 5.547171 -47.85037 -29.39927 3.88353 -6.26883 -12.5202 5.442762 
  82.53044 -15.71573 11.94388 5.24309 -2.992321 7.820308 13.9411 -57.37519 -23.89809 8.886179 4.675784 -14.78372 8.497404 
  83.58179 -7.865513 16.74924 -5.699116 -21.44494 6.910387 19.76043 -38.32555 -17.49742 13.11919 -3.501227 -16.95839 9.006512 
  84.84341 -3.886179 9.884439 -11.85411 -25.38985 -3.049276 24.74843 -24.05556 6.723711 13.11919 1.027579 -11.32887 8.497404 
  86.52556 1.534911 11.2574 -17.23192 -26.96782 -5.23873 18.09777 -27.92199 5.435703 14.65847 1.40498 -15.73678 11.55205 
  87.5769 9.153522 4.392595 -26.23768 -20.65596 -1.735604 25.57977 -28.80072 0.283672 8.886179 -1.362624 -11.32887 3.675111 
  89.6796 9.153522 -4.522732 -23.58893 -13.9673 -9.617638 29.73643 -16.3227 0.283672 6.577264 -7.526832 -10.25668 2.302154 
  91.51781 6.50357 -6.978004 -20.41043 -13.00699 -12.39095 27.6581 -7.008125 -6.588228 13.50401 -12.32812 -9.184486 -2.159958 
  91.70163 9.153522 -11.88855 -16.17242 -14.65324 -18.66264 31.81477 -13.51075 -3.135952 4.653169 -5.010829 -9.065353 2.416566 
  91.51781 10.14725 -14.61663 -14.58317 -14.51605 -20.50257 30.98343 -15.44397 0.7130079 -8.086926 8.15669 -11.44801 7.47919 
  90.59871 9.153522 -10.1153 -16.17242 -12.45824 -20.04258 28.48943 -13.33501 1.142344 -2.761145 -3.627027 -4.180918 0.4715433 
  89.6796 8.15979 -9.706083 -12.99392 -15.75074 -14.06282 32.6461 -18.25592 5.435703 1.475272 -4.885028 -6.682702 -4.104981 
  87.36664 8.822278 -9.433276 -9.346518 -12.59543 -14.5228 26.4111 -14.56523 -1.004336 3.113892 -2.243225 -5.014846 -6.278831 
  84.00233 12.13472 -6.159579 -7.522817 -11.90949 -13.14285 23.08577 -19.66189 -10.59287 0.5069485 1.65658 -3.823521 4.933655 
  81.26883 13.45969 -4.522732 -5.015228 -22.23392 -4.800839 19.34477 -20.36488 -9.902413 -0.0982542 -3.627027 -11.32887 10.53383 
  80.00721 6.50357 1.646672 -12.76596 -13.9673 2.789267 16.85077 -18.9589 -15.01178 5.422807 -0.230423 -6.087039 4.476003 
  76.6429 9.81601 1.646672 -17.23192 -12.18387 5.270647 20.1761 -22.82533 -17.7736 -4.09259 -3.123827 2.465071 7.988297 
  74.54021 13.79094 3.019634 -17.23192 -24.60087 9.640151 21.83877 -14.03799 -13.07851 -15.5533 1.40498 9.478158 -1.931132 
  74.96074 9.484766 -1.78573 -28.35668 -18.28901 8.275269 28.48943 -11.75329 -5.621592 -6.876522 6.479006 3.20329 -5.363525 
  71.8067 8.822278 -8.751256 -28.35668 -27.7568 2.643303 34.30877 1.592978 -11.6976 -10.9919 13.18974 -2.751328 -4.79146 
  70.54508 7.497302 -13.5254 -31.53519 -36.43561 -1.15175 22.25443 -12.28053 -7.140593 -8.086926 -2.243225 -10.49494 4.132763 
  70.12454 6.50357 -11.75214 -31.53519 -38.80256 -2.903313 22.6701 -16.49845 -19.98306 -9.539412 -7.149431 0.9886312 4.361589 
  83.37152 -14.7932 -16.66269 -45.3087 -13.69293 4.248903 6.152494 -35.94434 -4.654954 8.116541 9.414951 9.847268 -27.09318 
  86.9461 -17.09953 -21.50166 -44.77895 -12.59543 9.640151 5.748945 -41.89735 -1.433672 10.04064 18.64221 16.12214 -37.82909 
  82.1099 -9.068567 -1.78573 -25.17818 -16.71105 18.2844 5.748945 -22.29809 -8.521502 9.270999 8.57611 1.357741 -33.22799 
  89.46933 2.859887 -7.387216 -17.23192 -3.129508 7.365347 -4.945094 -24.5828 0.7130079 -0.3403349 26.6112 -8.946221 -27.09318 
  93.90747 1.534911 -12.57057 -10.03041 -7.931063 -2.757349 2.318781 -23.17682 6.723711 -12.68647 29.12773 -14.06892 -37.82909 
  95.37804 1.018581 -12.84338 -12.08207 -2.855134 -9.617638 6.152494 -21.41936 0.7130079 -8.329008 19.48105 -9.303619 -42.4302 
  97.03242 -1.757698 -17.61752 -9.118555 -10.53762 -2.465423 7.766687 -27.39475 -1.433672 -0.4613752 14.448 -5.729642 -38.34033 
  99.05444 -5.737032 -19.66358 -5.054474e-05 -15.75074 5.124683 -5.550418 -23.52832 -3.274044 2.344254 15.28684 -5.372244 -33.73922 
  99.05444 -6.38483 -18.98156 0.6838379 -12.59543 7.820308 -14.83204 -26.34027 -5.345409 10.42546 11.09263 -5.848774 -26.58195 
  97.58389 -6.107203 -17.75392 8.434566 -8.891374 6.910387 -32.46772 -25.46153 -1.004336 7.731722 3.417782 -8.588823 -16.35727 
  95.19421 -5.551947 -17.61752 18.15831 -6.010441 11.45999 -47.35291 -23.00108 2.001016 -0.2192945 -3.123827 2.465071 -3.990568 
  91.15017 0.09315491 -22.38491 15.95733 -7.519501 14.18976 -31.44116 -23.00108 12.30508 -6.39236 -6.897831 5.04884 -9.711224 
  84.00233 5.841082 -18.70875 10.71419 -7.793876 11.00503 -20.14894 -8.589846 7.582383 -4.818833 2.159781 -13.11586 -4.333807 
  82.74071 8.822278 -24.15141 15.04548 -11.36074 9.640151 -15.63913 1.028826 4.147696 -10.3867 19.48105 -19.40161 -10.73369 
  84.63313 -0.09193039 -16.11707 1.82365 -8.891374 17.82944 -12.20897 6.670338 -0.5750001 -4.576752 5.933785 0.6195214 -21.4696 
  88.41798 -18.9446 -8.478448 -0.9119005 -1.620448 6.000465 -0.5060596 2.157129 -13.63087 13.88883 0.775979 -10.97148 -0.3293486 
  89.25906 -9.993994 -8.478448 2.051613 -0.1113873 -1.005787 -16.55597 -13.51075 -21.89766 5.807626 1.027579 -5.014846 8.497404 
  92.43691 -6.38483 -13.5254 17.1718 -1.483261 -14.06282 -25.79505 -16.84994 -5.069227 -5.666117 -3.627027 -10.85234 19.18865 
  93.90747 -3.701094 -19.93638 23.09086 -4.912943 -21.42253 -29.38803 -19.66189 13.59309 -6.876522 6.059586 -16.14398 24.27972 
  94.64275 -2.498039 -23.70979 17.1718 -1.483261 -18.20266 -33.49429 -16.84994 10.1584 6.962083 7.737268 -15.02198 23.26151 
  95.19421 -3.053295 -22.82653 3.419388 7.082903 -24.6424 -21.68879 -19.13465 24.32648 12.73437 4.424184 -21.43763 11.55205 
  95.0104 -1.017357 -22.38491 -1.139864 5.212709 -13.60284 -25.79505 -11.57754 20.8918 17.73702 1.153379 -26.73128 17.66133 
  94.82658 2.528643 -26.35954 -3.41949 4.90101 -9.32571 -20.14894 -15.61971 18.31578 14.27365 1.40498 -29.1745 10.53383 
  93.1722 3.19113 -33.42556 -8.890593 0.8489227 -1.005787 -18.09581 2.157129 18.74512 13.88883 10.25379 -33.65375 13.58848 
  92.80455 2.859887 -34.75044 -12.99392 3.030816 -10.20149 -13.41962 -6.656631 9.299727 8.116541 8.15669 -39.7618 15.6249 
  91.88545 2.197399 -36.95857 -15.64267 -4.775756 -11.07727 -21.17551 -9.117085 14.02242 -4.576752 2.285581 -41.79782 19.18865 
  90.59871 4.516107 -35.19207 -11.39818 -2.717946 -5.822585 -24.2552 -11.40179 21.75047 0.9911108 7.317848 -35.68977 12.06115 
  88.83852 10.14725 -38.72507 -5.243191 2.407418 -11.95305 -22.20207 -6.480885 15.73977 13.11919 2.662981 -35.68977 12.57026 
  88.41798 10.80974 -43.58296 6.15494 3.342515 -21.88251 -14.22671 -23.00108 14.88109 26.20304 0.6501789 -17.36559 10.53383 
  88.83852 9.484766 -47.11597 22.10435 -8.479812 -20.96255 -14.02494 -39.51615 18.74512 21.58521 -3.375427 -13.11586 -8.567093 
  89.0488 7.497302 -48.44085 29.99643 -12.8698 -19.12262 -20.66223 -44.27856 16.59844 19.2763 -1.991625 -14.90285 -7.308548 
  89.46933 8.491034 -48.88248 29.99643 -11.77231 -16.82271 -15.43736 -43.08796 12.73441 13.88883 -1.111024 -15.73678 -3.876155 
  89.25906 9.153522 -46.23272 30.98294 -10.40043 -18.66264 -10.99832 -43.68326 10.58773 10.81028 4.172584 -15.26025 -2.503198 
  87.78718 11.80347 -45.34947 30.98294 -6.55919 -19.5826 -13.01607 -38.32555 0.283672 10.42546 10.67321 -18.5872 -4.562634 
  86.73583 13.79094 -44.02459 29.00992 -0.5229492 -20.50257 -18.09581 -40.70675 -0.145664 10.42546 10.67321 -13.59239 -11.75616 
  84.00233 13.79094 -40.04995 28.02341 8.018001 -21.42253 -22.71535 -38.92085 -7.278684 3.498711 18.22279 -4.180918 -15.3348 
  84.84341 15.44716 -34.30882 18.15831 -5.324505 -12.68287 -5.953966 -44.87386 -1.863008 0.8700705 6.479006 -10.01841 -6.850896 
  80.42775 13.12845 -33.42556 14.3616 -1.208886 -10.34746 -7.366386 -29.99132 -3.412134 -10.9919 -6.772031 -5.848774 1.386848 
  76.22236 9.484766 -37.4002 14.3616 6.147806 -14.06282 -8.375257 -15.44397 -6.450137 2.344254 -9.917035 -18.18 -7.079722 
  73.27859 7.166059 -39.1667 3.875315 8.3297 -13.14285 -8.577032 -14.38949 1.571679 11.19509 -0.4820232 -14.66459 -19.42467 
  73.90939 7.828546 -40.49158 -1.367826 6.459506 -16.36273 -20.66223 -16.14696 -2.292344 9.655818 3.543582 -16.55119 -5.249112 
  72.64778 6.172326 -35.19207 -6.838929 6.771204 -12.09902 -19.63566 -24.5828 -2.72168 10.42546 15.70626 -16.55119 5.951869 
  74.11967 10.4785 -26.80117 -2.507639 6.459506 -7.866075 -26.30833 -30.58662 -2.72168 -8.086926 -1.111024 -24.69526 7.47919 
  76.43263 18.7596 -13.25259 -2.507639 -6.55919 -17.74267 -22.71535 -24.40705 -0.145664 -6.271319 -16.24577 -27.13848 10.02473 
  79.79694 22.07204 -8.478448 -6.610966 -1.894823 -7.720111 -11.60365 -35.94434 -1.004336 -7.723805 -12.65459 -25.50967 16.64312 
  83.16125 18.7596 -4.386328 -11.62614 -2.03201 -7.28222 0.9063606 -44.87386 1.571679 -25.98765 -0.3562231 -25.50967 35.48008 
  85.26395 14.78467 -4.522732 -7.978742 -3.129508 -8.012038 2.318781 -38.92085 -7.554866 -33.72926 21.57815 -12.99673 29.8799 
  86.52556 10.80974 -1.78573 -6.383004 6.147806 -5.968548 -3.532674 -53.80338 -7.969139 -28.0072 27.86947 -1.560001 19.18865 
  88.83852 5.841082 -5.886771 2.051613 12.07009 -2.027532 -16.04268 -58.5658 2.001016 -13.87034 22.417 -14.54545 18.17044 
  90.41489 0.8334961 -9.160468 9.574379 17.99237 -5.23873 -15.84091 -56.77989 10.1584 -19.92899 11.51206 -19.40161 28.86169 
  90.41489 -3.053295 -11.88855 20.13133 17.99237 -19.5826 -5.752192 -38.92085 7.582383 -22.28514 7.737268 -21.84484 28.86169 
  87.5769 -4.071264 -16.38988 27.0369 12.69349 -21.88251 7.161366 -26.69176 -7.140593 -23.29491 11.51206 -20.62322 33.44365 
  84.00233 -3.701094 -18.43594 25.06388 9.576496 -9.179747 13.52543 -40.70675 -22.89787 -18.58263 9.414951 -21.43763 37.0074 
  82.32018 -9.253653 -10.1153 17.1718 8.3297 0.01595879 -4.74332 -14.56523 -33.90025 -6.876522 -8.659034 -14.90285 26.31615 
  80.00721 -8.790939 -9.296872 7.522717 6.147806 6.455426 -14.42849 -13.51075 -31.39971 -3.003225 -7.778432 -11.32887 2.874219 
  75.59155 -3.978722 -17.89032 6.838827 7.706302 -0.2759686 -14.63026 -24.40705 -30.39949 -6.755481 -11.34871 -16.95839 16.13401 
  71.17589 -0.9248142 -19.66358 9.346416 3.965913 -5.530657 -11.2001 -32.96783 -20.89744 -13.53375 -14.93988 -17.36559 12.57026 
  67.81158 -2.127869 -21.06003 5.015127 3.030816 -2.027532 -9.585904 -35.34904 -15.42605 -0.5824156 -9.539635 -16.14398 7.47919 
  66.12943 -0.184473 -18.02673 6.15494 10.51159 -3.341204 -13.82316 -27.39475 -22.89787 -9.781493 -8.910634 -11.32887 1.958914 
  67.39104 -2.683125 -9.296872 1.139763 5.212709 -16.82271 -19.12238 -17.55293 -38.40122 -15.21671 -24.73398 -4.061786 -2.388784 
  68.86293 -11.10306 6.452036 -6.610966 7.082903 -8.012038 -27.3349 -14.38949 -49.40359 -3.366347 -29.30456 5.787059 -5.020286 
  64.65754 -1.202442 -4.931944 -5.699116 -3.266695 -14.06282 -28.87474 -28.62497 -41.90197 -13.53375 -30.93691 2.834181 11.55205 
  64.44727 0.6484108 -8.88766 5.926977 -1.208886 -14.98278 -21.17551 -31.77723 -32.90003 -6.63444 -6.646231 -6.444437 0.8147831 
  62.53127 -3.978722 -13.38899 4.33124 0.4373608 -1.735604 -10.99832 -36.53964 -28.89917 -9.418371 0.1469784 -3.108725 15.6249 
  62.53127 -6.01466 -8.342044 -1.595789 -2.169197 -7.136257 -14.42849 -25.63728 -26.89874 -18.58263 -6.897831 -14.18806 5.951869 
  62.76511 -1.1099 -15.16224 0.4558744 -5.873254 -12.24498 -12.41074 -22.47384 -22.89787 -14.88012 -13.30754 -2.393929 7.47919 
  61.12819 -1.665155 -14.20742 6.610865 -9.577311 -5.23873 -4.137998 -11.22605 -14.04514 -23.9681 -21.79575 3.94151 4.933655 
  59.49126 -5.274319 -12.57057 3.875315 -0.7973242 0.3078861 1.30991 -6.656631 -10.1786 -13.53375 -13.96047 -10.01841 1.158022 
  59.02356 -4.348892 -13.7982 -5.699116 -6.833565 0.8917398 -3.129126 -12.45627 -14.59751 -12.2023 -11.67518 -7.635763 -2.388784 
  59.02356 -3.978722 -11.75214 1.367725 -6.422003 -6.990293 -11.60365 -23.00108 -22.39776 -12.92855 -6.897831 -13.23499 2.645392 
  59.02356 -5.274319 -12.84338 -2.963564 -4.089819 1.183667 -12.20897 -18.78316 -19.01642 -17.23626 -8.407434 -10.37581 -3.189676 
  76.01208 -40.1629 -1.09925 -10.03041 12.38179 4.248903 -31.44116 -31.77723 -7.969139 12.73437 -13.30754 1.726851 -6.050004 
  85.68449 -28.63122 8.511478 -6.838929 0.8489227 -16.36273 -42.73337 -36.53964 -8.659594 22.73967 -2.746426 -0.1186984 -17.37973 
  93.1722 -9.531281 -13.93461 -5.054474e-05 -14.37886 -14.5228 -22.71535 -37.13494 -9.211958 21.97003 15.28684 -15.26025 -12.77863 
  95.56186 -5.922117 -22.38491 -0.683938 -18.28901 -8.595892 -17.06925 -29.99132 -7.692957 23.89413 19.06163 -21.84484 -14.31233 
  95.56186 -2.590582 -27.68442 -7.066892 -14.92761 -6.990293 -12.61252 -20.18913 -3.964499 21.20039 20.31989 -27.95289 -7.995027 
  95.37804 -2.127869 -30.7758 -10.48633 -14.79043 -6.698366 -8.577032 -21.77085 0.7130079 16.96738 18.64221 -23.47365 -9.139158 
  95.0104 -2.86821 -33.86719 -10.94226 -16.71105 -6.698366 -4.137998 -22.12234 -3.550226 13.50401 19.48105 -23.47365 -11.24493 
  94.45894 -2.86821 -34.30882 -12.53799 -19.86698 -5.530657 -0.304285 -19.48614 -7.831048 10.42546 22.417 -26.32408 -3.418502 
  93.53983 -2.312954 -36.95857 -13.52367 -23.81189 -4.216985 2.924105 -16.49845 -7.692957 6.577264 22.83642 -29.58171 0.5859566 
  92.62073 -0.184473 -39.60833 -11.85411 -26.96782 -2.611385 4.336525 -17.90442 -6.312046 1.354232 21.57815 -30.39611 -2.388784 
  92.06927 0.0006122589 -38.72507 -9.802443 -30.91273 0.7457762 1.915232 -8.238352 -9.902413 5.037988 20.73931 -32.02493 3.217458 
  90.96635 1.111124 -34.30882 -10.03041 -30.12375 -2.465423 2.117006 -2.35608 -13.35469 3.498711 11.09263 -32.43213 1.501262 
  90.41489 3.19113 -32.10069 -9.802443 -30.91273 6.455426 4.5383 -9.468578 -14.32133 5.422807 7.737268 -34.06095 -0.7870007 
  86.31529 7.828546 -28.12605 -10.03041 -26.17884 -0.5678959 4.336525 -1.791929 -13.49278 -2.761145 13.18974 -34.87536 4.704828 
  85.47421 7.497302 -26.80117 -12.31003 -19.078 0.3078861 9.784431 -14.38949 -2.72168 1.838394 9.834373 -32.83934 2.18774 
  82.74071 7.166059 -30.7758 -12.99392 -19.86698 5.562574 16.85077 -12.80777 -11.97378 4.26835 9.414951 -33.65375 -4.905873 
  79.79694 6.834814 -26.80117 -11.39818 -19.078 9.640151 6.354267 -18.43166 -21.89766 3.498711 7.737268 -29.58171 0.3571301 
  76.43263 5.178594 -25.91792 -12.53799 -12.8698 6.455426 11.4471 -10.34731 -22.89787 4.653169 6.059586 -25.10246 -3.532916 
  74.54021 3.853618 -31.21743 -16.17242 -6.147628 17.37448 19.76043 -15.44397 -27.89895 12.73437 7.317848 -16.95839 -18.4022 
  71.59643 0.5558681 -31.21743 -16.70217 -4.089819 22.37905 20.1761 -7.183872 -29.89938 5.037988 14.448 -20.21602 -13.28986 
  69.91428 -0.09193039 -31.65906 -23.58893 -5.736067 20.55921 20.59177 3.285431 -23.39798 1.959435 1.65658 -29.98891 -9.59681 
  70.75536 3.522374 -29.89255 -27.82693 -10.94918 20.55921 13.52543 -5.740986 -16.11651 -0.0982542 -3.501227 -25.91687 -5.134699 
  68.44239 4.516107 -26.80117 -22.52943 -6.833565 16.46456 17.6821 -17.55293 -24.8983 -3.729468 4.801584 -7.993161 -6.850896 
  67.39104 2.197399 -33.42556 -27.29718 -12.18387 13.27984 16.4351 -4.048533 -24.3982 -2.640104 3.543582 -18.18 -17.89097 
  67.39104 3.19113 -31.65906 -26.76743 -23.02291 11.91495 22.25443 -2.35608 -24.8983 -10.26566 -6.39463 -17.7728 -18.91343 
  66.54996 1.203667 -33.42556 -32.59469 -26.96782 18.73936 24.33277 0.4646755 -13.63087 -2.034902 5.430585 -17.7728 -8.910332 
  64.86781 0.8334961 -27.2428 -26.76743 -14.79043 21.01417 15.60377 -8.062605 -20.39733 -4.09259 9.414951 -12.8776 -13.28986 
  63.60619 -2.127869 -28.12605 -23.58893 -21.44494 11.91495 15.1881 -8.414099 -19.56878 -0.5824156 9.414951 -19.40161 -11.75616 
  62.76511 -3.330923 -28.56767 -19.88068 -15.0648 10.55007 15.60377 -14.91673 -19.84497 -7.118602 -3.123827 -15.73678 -11.24493 
  61.36203 -3.423466 -30.7758 -21.46993 -11.08637 15.09968 13.10977 -9.468578 -15.42605 3.498711 -1.362624 -18.18 -9.367984 
  62.29742 -1.387527 -25.03467 -21.46993 -10.812 10.55007 8.977335 -18.25592 -22.89787 2.344254 4.801584 -8.231426 -13.28986 
  60.42664 -4.441435 -22.38491 -20.94018 -16.43667 12.36992 4.941847 -15.79546 -15.14987 -2.761145 -1.236824 -16.14398 -5.821177 
  60.19279 -4.811605 -25.47629 -17.23192 -17.50003 5.416611 1.511684 -7.886858 -6.312046 5.037988 -1.865825 -15.73678 -14.31233 
  59.7251 -3.701094 -21.94328 -10.25837 -9.440123 6.910387 -1.716705 -11.75329 -11.97378 7.731722 3.291982 -21.43763 -16.8685 
  59.25741 -4.996691 -26.35954 -14.05342 -5.187317 9.18519 -3.532674 -16.49845 -9.764322 14.65847 4.549984 -16.14398 -19.9359 
  57.62048 -7.495342 -22.38491 -14.58317 -13.41855 2.059449 -8.980581 -16.49845 -9.48814 13.50401 10.67321 -14.42632 -15.3348 
  57.15279 -6.847544 -19.39077 -15.11292 -12.8698 11.91495 5.345396 -6.480885 -17.35933 6.577264 -3.249627 -7.874028 -7.766201 
  57.15279 -7.310257 -22.38491 -16.70217 -9.714497 2.93523 0.09926414 -12.10478 -16.11651 -1.55074 9.834373 -10.85234 -8.567093 
  55.7497 -7.4028 -18.16313 -14.05342 -8.616999 11.91495 3.327652 -3.484382 -13.49278 -4.939874 4.801584 -5.610509 -0.2149353 
  55.04816 -8.050598 -16.52628 -14.05342 -13.14418 2.789267 5.547171 -8.589846 -17.08315 -4.334671 1.027579 -6.206172 -6.736483 
  56.2174 -7.865513 -19.66358 -10.25837 -17.50003 -11.22324 -3.3309 -6.305138 -14.18324 -13.87034 -9.162234 -10.73321 -0.5581741 
  54.81432 -10.17908 -20.07279 -6.610966 -10.53762 0.8917398 -7.769936 -4.612684 -10.86905 -5.302995 3.669382 -15.37938 -15.84603 
  55.04816 -8.050598 -18.84515 -9.57448 -12.73262 3.811012 -4.137998 -13.33501 -15.70224 -9.539412 5.933785 -1.679134 -17.37973 
  55.7497 -6.940086 -17.0719 -15.11292 -10.812 3.373121 -1.91848 -10.34731 -12.11187 3.113892 0.5243788 -15.02198 -16.35727 
  55.04816 -8.513311 -18.29954 -11.62614 -15.20199 0.1619225 -3.3309 -8.062605 -13.49278 -2.882185 -1.991625 -9.303619 -9.139158 
  55.51586 -5.737032 -17.34471 -9.802443 -5.873254 3.811012 4.740074 -7.359617 -10.31669 -3.85051 1.53078 -0.1186984 -10.22246 
  53.41123 -10.36416 -21.06003 -10.25837 -3.403883 0.1619225 -4.945094 -11.40179 -19.84497 -8.207967 -4.633428 -5.729642 -7.651788 
  53.64508 -8.235683 -14.34382 -7.522817 -6.284816 7.365347 12.6941 -3.484382 -18.46406 -9.418371 -1.111024 -17.7728 -12.77863 
  52.70969 -10.45671 -12.57057 -6.610966 -7.931063 8.730229 11.86277 -0.09947532 -12.11187 -4.576752 2.537181 -6.444437 -8.338266 
  53.41123 -8.050598 -13.6618 -10.03041 -5.736067 11.91495 7.766687 4.413733 -14.04514 -20.26558 -8.659034 -12.1628 -6.050004 
  52.94354 -9.346195 -12.43416 -12.08207 -15.20199 11.91495 3.327652 -2.920231 -5.4835 -5.666117 -10.69578 -16.14398 -3.876155 
  52.47585 -11.10306 -16.25348 -5.015228 -1.346073 10.09511 12.27843 2.72128 -1.433672 -2.761145 -10.04284 -18.5872 -8.223853 
  51.7743 -11.10306 -13.7982 -7.978742 -4.227006 7.820308 0.9063606 10.05525 4.147696 -3.729468 -1.614224 -18.99441 -12.77863 
  51.07276 -11.10306 -12.84338 -6.610966 -7.519501 10.55007 -1.716705 0.4646755 -9.350049 -8.813169 -7.275231 -14.54545 -12.77863 
  50.37122 -11.10306 -18.70875 -7.522817 -8.754187 2.643303 0.3010387 -11.92903 -20.39733 -10.14462 -15.26635 -21.43763 -13.28986 
  50.83892 -11.10306 -13.93461 -9.346518 -9.165749 3.081194 -1.111382 -7.886858 -8.797685 -6.5134 7.317848 -7.278365 -11.75616 
  51.7743 -8.790939 -12.57057 -7.294854 -9.165749 2.497339 -1.313157 -8.941339 -3.964499 -2.398024 3.920982 -7.51663 -12.77863 
  50.83892 -8.698397 -17.34471 -5.927078 -16.1623 -4.654876 3.125879 -3.484382 -2.72168 -2.034902 -0.1046228 -7.635763 -8.223853 
  50.13737 -8.143141 -16.25348 -10.94226 -10.67481 4.686792 5.95072 2.157129 -13.07851 -8.813169 -7.275231 -7.397498 -6.050004 
  49.43583 -11.10306 -13.6618 -4.33134 -6.696377 -1.297713 1.30991 0.4646755 -6.173955 -10.3867 -5.262429 -8.827089 -6.393243 
  49.66968 -9.531281 -9.706083 0.2279119 -0.9345121 -4.946803 0.704586 -5.176836 -7.969139 -4.09259 1.90818 0.6195214 -7.766201 
  49.43583 -7.958055 -10.2517 -12.53799 -10.12606 0.4538498 1.108135 -5.176836 -1.004336 -5.181954 0.1469784 -6.801835 -10.22246 
  50.13737 -8.790939 -14.61663 -11.39818 -9.851685 6.455426 0.5028114 0.4646755 -4.378773 -7.602765 -4.130228 -11.09061 -9.253572 
  48.96814 -11.10306 -16.52628 -9.346518 -12.04668 -2.465423 3.125879 0.4646755 2.859687 -7.118602 14.02858 -2.989593 -0.2149353 
  48.2666 -12.02559 -18.84515 -17.23192 -13.55574 -2.903313 0.704586 -6.832378 -9.211958 -1.066578 -0.6078234 -7.0401 -1.816719 
  47.7989 -12.94813 -15.98067 -17.76167 -19.86698 -12.53691 -7.971709 5.542035 -9.211958 -9.660453 2.537181 0.9886312 0.8147831 
  48.2666 -12.94813 -12.70697 -10.48633 -10.94918 -7.866075 -12.0072 -1.791929 -18.74024 -12.2023 -3.123827 -10.37581 -9.59681 
  48.73429 -9.438738 -13.25259 -4.33134 -3.54107 -8.012038 -7.366386 -4.048533 -20.12115 -18.91922 -8.155832 -18.18 -6.736483 
  47.7989 -9.438738 -13.7982 -4.33134 0.5745487 0.3078861 1.108135 -2.920231 -6.312046 -11.35502 8.995531 -0.1186984 -2.96085 
  48.2666 -12.02559 -11.34293 -1.139864 -8.616999 -0.7138596 5.143621 1.592978 -9.764322 -0.7034559 -2.243225 -6.444437 -9.367984 
  49.20199 -11.10306 -8.20564 -5.471153 -9.714497 4.394867 -0.9096079 -8.062605 -6.588228 -3.608428 -0.3562231 -5.967907 -0.2149353 
  52.94354 -13.87066 -22.38491 -12.53799 -9.714497 28.7485 16.85077 -45.46916 -31.89981 -14.88012 -0.7336235 -3.346991 -31.18305 
  59.02356 -15.25447 -29.45093 -17.76167 -19.078 30.56834 26.4111 -65.70941 -26.89874 0.1438274 7.317848 4.67973 -23.51454 
  53.64508 -6.662458 -12.43416 -5.927078 -4.775756 21.46913 13.10977 -24.93429 -17.49742 -3.487388 -1.236824 -2.87046 -18.91343 
  51.07276 -9.16111 -10.79732 0.4558744 -4.089819 12.36992 9.784431 -0.6636267 -5.345409 -5.060914 -14.28695 -10.85234 -11.75616 
  48.50045 -10.64179 -11.88855 0.6838379 -4.912943 1.621558 3.932976 0.4646755 -9.626231 -12.08126 -8.784834 2.465071 -11.24493 
  48.96814 -10.64179 -9.024064 1.82365 -5.324505 -5.676621 3.731201 -1.227778 -19.70688 -16.22648 -8.659034 -7.874028 -10.73369 
  48.96814 -8.883482 -3.158691 -2.735601 -8.754187 -3.633131 3.932976 -7.183872 -16.94506 -9.05525 -3.627027 -9.184486 -3.30409 
  49.20199 -8.698397 -10.1153 -4.787266 -6.422003 -0.5678959 6.959591 -2.35608 -10.31669 -5.787157 -4.256028 -15.26025 -13.28986 ]
