test03  [
  54.65778 -12.03515 -28.74981 -12.17808 6.47368 18.05333 -5.550011 -11.45646 7.296544 8.604859 -7.773201 5.34669 -0.06941453 
  55.67638 -4.754703 -29.16885 -18.39157 -3.369696 7.654732 -2.19595 -3.184934 11.17236 7.047637 -10.49017 -10.6358 17.18358 
  54.65778 -5.345447 -27.07365 -25.29545 -8.924786 11.9087 4.524083 0.1125597 7.850231 2.375969 -9.810928 -12.02519 4.344143 
  55.12824 -7.353974 -31.68308 -25.98583 -6.048042 8.600059 3.959116 3.684845 2.18004 -8.012859 -12.5279 -7.963898 5.146608 
  55.12824 -4.282108 -29.58789 -23.22428 -7.436815 -6.638595 1.344446 7.806712 -5.818762 -7.41765 -7.093956 -5.185118 3.140446 
  55.95045 -4.518405 -28.74981 -25.98583 -10.51195 -5.585402 -11.69912 -0.4370226 -5.552135 1.74858 -3.652482 -10.84956 -5.329156 
  56.22453 -2.273581 -25.39749 -28.74739 -10.90875 -2.877193 1.15811 11.379 10.61867 2.765275 0.5587568 -4.757613 3.942911 
  55.40231 -1.44654 -24.97845 -31.50894 -15.17426 -9.196348 -6.66803 1.486516 -2.2193 1.272412 0.5587568 -5.612623 -9.136413 
  54.54016 -2.273581 -24.97845 -28.74739 -16.44495 2.840137 0.04009056 3.410053 0.7135935 12.88722 9.619302 -5.505747 15.17742 
  53.95207 -4.872851 -27.07365 -28.40219 -20.74041 2.840137 -4.43199 -6.623299 6.742856 17.16958 -2.759189 -11.27706 6.751538 
  55.95045 -4.518405 -22.74922 -25.98583 -18.39743 -12.00525 -10.76744 -0.4370226 7.850231 10.94069 0.8139834 -4.757613 -2.357638 
  55.40231 -0.3832016 -19.47007 -20.80793 -10.31356 -7.842244 -15.61219 -13.06751 -0.486227 7.826248 1.962503 -10.74268 -13.12994 
  55.12824 -3.100621 -22.55048 -20.80793 -2.675309 18.52599 3.207813 -22.73384 -31.41348 -3.72735 8.215555 -9.139536 -12.38651 
  53.24637 -7.944717 -25.81653 -25.29545 -13.3887 13.32669 12.43361 -5.383264 -21.69356 -1.584595 3.238636 -7.750146 -5.514876 
  53.59922 -6.526933 -21.5568 -23.56948 -14.08308 6.902451 6.783948 2.860471 -6.352015 -4.798727 -1.993509 3.889376 2.337981 
  52.54067 -6.172487 -20.76185 -20.80793 -16.05445 2.238314 -0.146246 -5.658055 -26.78495 -9.917531 -8.452446 -6.574508 2.739213 
  54.06969 -4.872851 -22.35175 -21.49831 -8.131201 13.32669 1.530783 -4.284099 -20.305 -22.48736 -12.5279 -7.322641 5.949073 
  53.24637 -7.944717 -24.14037 -24.60506 -2.774507 18.05333 14.69348 3.410053 -5.152195 -16.94537 -3.907709 -7.857022 4.745376 
  52.77591 -5.93619 -23.14669 -32.88971 -13.58709 20.41665 16.38838 7.25713 -11.41792 -5.274895 -0.8449898 -1.978833 -4.214837 
  51.83497 -9.989933 -22.74922 -30.12816 -19.17843 10.49071 11.86864 1.761307 -17.06503 -6.346272 -3.269642 1.703404 -3.379098 
  52.65829 -5.818041 -18.67512 -25.29545 -16.44495 -0.01852798 3.021477 -6.623299 -16.60217 -11.94124 -1.610669 -10.95643 -0.4706471 
  51.48212 -7.235826 -16.98586 -24.60506 -17.61644 -0.01852798 10.17375 9.45546 -10.2181 -6.108189 -4.801002 -2.833842 3.140446 
  51.24688 -5.345447 -16.38965 -27.7118 -21.91191 7.654732 12.99858 2.58568 -6.751956 -11.94124 -6.414715 -13.20083 -4.493417 
  53.71684 -1.210242 -22.74922 -34.27049 -22.6929 -5.134034 -3.686644 -8.694653 -10.88467 -2.894056 -3.269642 -16.52867 -11.92221 
  52.30544 -7.472123 -24.14037 -34.27049 -22.3024 -5.434947 0.7854366 -10.07556 -16.60217 -8.965196 -5.056229 -20.78738 -6.350615 
  53.48161 -5.227298 -21.35806 -25.98583 -13.78549 2.539226 -0.5189209 -2.08577 -5.152195 4.322497 -3.780096 -10.95643 -6.536335 
  52.54067 -4.400257 -15.49534 -26.67622 -18.00694 6.60154 2.462467 -4.284099 -12.2178 -16.48353 -5.735474 -6.147003 -6.443475 
  51.95259 -6.645082 -18.57575 -26.33103 -12.89271 16.16268 18.64824 -5.108472 -6.885269 -1.941721 -5.735474 -6.147003 -15.3619 
  52.54067 -4.282108 -20.06628 -30.12816 -21.13091 2.539226 7.913881 -7.5439 -17.06503 -8.489028 -13.88639 -14.16272 -2.914798 
  52.89352 -5.699893 -19.27133 -23.22428 -9.023983 13.32669 15.25844 0.3873512 -20.305 -13.01262 -11.16942 -5.612623 3.140446 
  53.01114 -4.518405 -22.35175 -28.74739 -14.28148 14.27202 20.34314 -2.635352 -21.23071 -16.94537 -13.88639 -13.09395 -5.329156 
  53.24637 -2.037283 -14.50166 -25.98583 -9.817568 15.69001 6.218982 -13.52782 -20.76785 -24.33469 -12.5279 -7.750146 -7.093494 
  52.42305 -4.518405 -18.07891 -20.11754 -7.635211 14.27202 9.608779 -5.383264 -25.39639 -16.48353 -0.8449898 -11.27706 -11.45791 
  52.54067 -6.76323 -16.19092 -20.46273 -15.27346 2.539226 2.462467 -6.393147 -19.37929 -17.86903 -0.9726028 -1.871957 -14.61791 
  51.71735 -6.999528 -14.00482 -20.46273 -9.420776 11.43604 10.73871 -4.833682 -17.99073 -13.71254 7.067036 5.34669 -5.607736 
  55.01063 4.106448 -0.3565619 -1.28526 -0.4467483 11.9087 -0.146246 -21.35294 -29.09922 -6.346272 5.280449 0.9747473 -3.750537 
  69.92807 11.24085 -6.503606 42.13263 -13.2895 -25.65961 14.69348 -35.39212 -33.2649 -1.108427 -12.5279 2.432061 24.40577 
  71.84657 9.957944 -10.80654 46.84665 -14.77747 -27.66761 7.913881 -36.03504 -31.41348 -6.941483 -25.43352 -3.368223 23.20207 
  83.08347 -2.037283 -13.30924 35.39832 3.811977 -19.23403 -37.77454 -35.39212 1.780102 -4.203518 5.790902 -18.89462 19.59098 
  89.3871 -3.21877 -14.10418 23.27657 -4.758468 -11.00182 -45.73127 -40.53545 5.63548 -4.322559 5.280449 -24.5729 22.80084 
  90.20931 6.705719 -25.81653 23.27657 -7.734409 -18.83243 -32.15802 -43.10711 6.189168 1.867621 15.10288 -2.08571 6.350306 
  94.8385 4.342746 -29.16885 15.1954 -7.139221 -20.03723 -21.86107 -48.89336 9.511294 7.436943 8.853621 2.432061 -2.636218 
  97.43085 2.452367 -30.00693 9.134518 -4.659269 -19.63563 -13.18981 -52.75085 15.60186 8.994164 7.960329 1.703404 -3.471957 
  97.61601 4.579043 -31.68308 8.461087 -3.171299 -18.43083 -7.599713 -57.25126 17.81661 14.44444 5.025223 -2.833842 0.331818 
  97.06052 8.247402 -38.38772 16.54226 -8.032003 -19.63563 -3.686644 -55.96543 12.27973 12.49791 10.89543 -8.284527 9.560166 
  96.50501 11.66848 -42.99715 25.29686 -10.41276 -19.63563 -2.754961 -48.25044 -2.085987 16.78028 5.408062 -3.261347 11.1651 
  96.31984 11.02703 -42.15907 30.68431 -14.28148 -14.01324 -11.69912 -37.32087 -12.61774 25.73431 0.5587568 0.9747473 7.152771 
  96.13467 10.5994 -41.321 31.35774 -10.11516 -12.80844 -9.090406 -45.03586 -8.618343 16.39097 0.1759167 0.9747473 4.344143 
  95.57917 12.30994 -43.41619 35.39832 -5.948844 -17.62763 -9.649417 -53.39377 -3.419121 10.94069 4.004316 -4.757613 5.949073 
  94.46817 14.44811 -43.41619 35.39832 -2.576111 -19.23403 -12.6308 -58.53709 8.957606 0.0819931 -1.355443 -8.925783 3.140446 
  94.09783 13.59284 -42.57811 37.41862 -7.436815 -11.45319 -17.28922 -61.10876 4.528105 -4.798727 -6.414715 -14.16272 3.541678 
  94.283 7.178314 -30.00693 28.66401 0.08559236 -32.0852 -5.177337 -76.53873 17.81661 -21.10186 -9.131687 -10.31517 1.134283 
  94.8385 1.034582 -16.09155 15.1954 3.811977 -37.30598 -0.8915939 -73.96707 9.511294 -29.87668 -9.810928 17.0052 -22.80175 
  92.43132 1.389029 -13.40861 11.82824 6.47368 -26.06121 -8.717733 -63.0375 -8.218403 -12.6555 -8.452446 15.54789 -22.05777 
  88.01675 4.697192 -26.65461 13.84853 1.682614 -21.24202 -8.90407 -57.89418 -11.01798 -23.87285 -7.093956 2.432061 -8.950693 
  85.00197 5.878678 -31.26405 19.23598 0.617933 -27.66761 -16.35754 -62.39459 -14.75076 -24.33469 -8.452446 -1.658205 -3.379098 
  87.74268 2.452367 -22.25238 7.787656 10.73241 -27.66761 -6.295357 -50.17919 -18.91644 -22.94919 -12.5279 15.54789 -0.8718796 
  89.11303 1.27088 -8.347719 -2.063318 -0.4467483 -32.0852 -12.07179 -46.32169 -13.68425 -14.17437 -19.99958 12.63326 -15.73389 
  95.57917 -2.273581 -2.200675 -4.786523 -9.22238 -33.69159 3.39415 -39.24962 -9.551537 -15.55987 -13.20715 41.77954 -10.15787 
  99.46769 -2.037283 -3.430084 -9.065844 -10.71035 -32.4868 12.99858 -36.67796 -11.41792 -3.013098 -11.84866 45.42283 -6.907774 
  100.3935 -2.864324 -2.200675 -8.028433 -16.44495 -31.6836 11.86864 -32.63032 -14.08419 0.9152861 -7.093956 34.49297 -8.300673 
  100.5787 -3.100621 -5.274198 -7.76908 -21.52141 -32.88839 14.69348 -29.86851 -18.45359 -3.846392 -3.142029 33.03566 -9.693572 
  101.5045 -3.21877 -8.347719 -10.10326 -19.95942 -24.45481 18.64824 -30.32881 -19.37929 -3.608308 0.5587568 34.49297 -10.25073 
  101.8749 -2.273581 -12.61366 -8.806492 -14.87667 -19.23403 16.38838 -31.24941 -17.99073 -3.370224 0.0483036 34.49297 -18.33784 
  101.3194 -2.628026 -14.30292 -7.898757 -12.79351 -17.22603 7.913881 -31.47956 -16.13932 -0.9893847 4.769996 23.56312 -14.24592 
  101.3194 -1.919135 -17.08523 -6.601993 -8.329597 -13.21004 0.5991001 -34.01122 -17.52788 0.7962446 13.71212 11.9046 -10.25073 
  101.3194 -2.746175 -16.78712 -4.397493 -7.238419 -9.196348 -3.87298 -36.67796 -11.55124 2.765275 15.10288 4.618032 -3.007658 
  100.949 -2.628026 -14.70039 -4.786523 -7.635211 -12.80844 -9.090406 -40.53545 -7.28521 -2.655972 17.18903 -2.192585 -0.06941453 
  100.3935 -3.100621 -14.10418 -2.841377 -6.345636 -13.21004 -19.7116 -45.67878 -5.018882 -3.13214 14.05981 -2.299461 -0.8718796 
  100.3935 -4.400257 -13.70671 -1.933642 -2.774507 -15.21804 -20.92499 -47.60752 -4.618941 -5.989147 22.05671 -4.223232 -1.707619 
  99.83803 -3.455068 -14.30292 -2.452348 -3.766487 -15.61964 -16.35754 -45.67878 -2.085987 -7.179566 17.88441 -1.123824 -5.514876 
  99.83803 -4.754703 -14.30292 0.4005337 -5.552052 -15.61964 -15.61219 -44.39294 1.113534 1.272412 14.05981 0.9747473 -9.507853 
  99.28252 -1.210242 -17.88018 -2.063318 -6.147241 -13.61164 -8.531397 -36.67796 -1.01948 -0.2751331 11.97366 1.703404 -8.579253 
  98.17152 1.034582 -18.77449 -5.95361 -6.444835 -13.21004 -6.10902 -35.39212 -4.752255 6.658331 13.01673 3.889376 -12.38651 
  97.80119 1.034582 -16.48902 -8.417462 -8.627192 -9.346804 -6.66803 -41.82128 -0.7528534 10.16208 5.025223 13.36192 -20.19781 
  97.61601 1.152731 -15.89281 -9.58455 -10.90875 -3.77993 -6.10902 -37.32087 -1.686048 7.047637 8.981236 14.81923 -27.26567 
  97.43085 2.09792 -17.08523 -8.936168 -14.08308 -2.275369 0.9717731 -35.39212 0.1803398 -4.679686 11.27827 11.17595 -22.80175 
  96.69018 2.688664 -17.97954 -5.564581 -16.83545 -3.930386 0.9717731 -31.24941 2.867042 -10.3937 12.66904 7.532661 -19.08183 
  96.69018 2.09792 -16.88649 -3.10073 -23.0834 -1.824 5.089049 -27.567 3.42073 -12.29837 6.046129 11.9046 -14.24592 
  95.57917 1.979773 -13.20987 -8.028433 -21.52141 -12.40684 16.95334 -21.81324 1.913414 -24.79652 1.06921 14.09057 -4.957716 
  94.09783 3.633854 -12.51429 -8.028433 -19.95942 -17.62763 20.90811 -17.67053 -1.286107 -23.41102 -0.7173762 14.81923 -8.579253 
  92.61649 4.81534 -10.19183 -7.509727 -17.22594 -15.21804 17.51831 -24.80519 3.42073 -15.55987 4.387156 8.989975 -17.96585 
  91.87582 3.515705 -7.118311 -4.916199 -18.78793 -11.60365 6.218982 -28.48761 9.511294 -10.27466 3.366249 0.9747473 -22.05777 
  91.69065 5.406084 -11.91808 -1.544613 -18.78793 -10.09908 9.608779 -29.17806 3.42073 -16.0217 -2.121123 -1.978833 -5.514876 
  91.69065 7.392132 -13.1105 0.7895622 -16.83545 -11.45319 9.043814 -28.71776 2.046728 -28.95301 5.663289 -2.299461 -1.150459 
  90.76482 10.17176 -14.30292 1.567621 -14.47988 -9.045893 5.654015 -36.67796 0.5802803 -30.33851 15.10288 -11.91832 1.535516 
  89.93524 9.316491 -12.51429 8.461087 -17.22594 -7.240419 -2.382286 -39.24962 -0.08628654 -26.64385 23.44748 -13.52146 -5.979176 
  89.3871 9.530309 -7.733015 4.031473 -18.78793 -9.798172 -1.450603 -36.03504 -2.752554 -33.1095 26.22901 -17.94824 1.936748 
  88.29082 11.8823 -11.42124 3.77212 -14.28148 -18.43083 6.783948 -30.32881 -7.951777 -35.8805 20.66595 -10.6358 -2.079059 
  85.82418 16.15866 -12.01745 5.767364 -20.34992 -13.61164 9.043814 -28.94791 -0.486227 -26.18202 2.60057 -13.73521 -4.771996 
  82.53532 17.22774 -10.80654 9.134518 -16.44495 -6.939507 6.218982 -21.12279 -5.818762 -16.48353 -8.452446 -16.52867 -8.300673 
  82.26126 13.59284 -14.89913 13.1751 -21.52141 4.645611 9.043814 -27.33685 -4.085688 -16.94537 10.64021 -9.994545 -14.98991 
  82.53532 10.5994 -15.59471 12.50167 -19.95942 2.990594 11.86864 -23.42429 -18.45359 -14.6362 0.0483036 -8.17765 -8.300673 
  79.79462 10.5994 -16.19092 9.134518 -17.61644 7.504276 10.17375 -22.96399 -30.95063 -20.17819 -13.20715 -0.4825668 -15.73389 
  77.32798 10.17176 -23.24606 1.826974 -16.83545 1.937401 21.47307 -31.01926 -33.2649 -21.56369 -9.131687 7.532661 -9.322132 
  86.92046 -12.03515 -15.79344 -2.841377 -3.270497 1.335577 -5.550011 -12.37706 -22.15641 -19.71636 -1.610669 -8.284527 -3.007658 
  85.82418 -13.56906 -20.36438 -5.95361 -10.71035 7.353819 -17.84823 -18.13083 -30.48778 -23.41102 -13.20715 -15.1091 -6.814915 
  85.00197 -10.50124 -16.19092 3.123737 0.08559236 -0.01852798 -21.39303 -9.615255 -30.95063 -10.86987 -13.88639 -19.36781 -7.929234 
  83.63161 -1.44654 -8.962424 6.440794 -2.576111 11.43604 -16.54387 -13.98812 -16.13932 -15.09804 -2.503963 -17.47505 -7.743514 
  86.92046 4.81534 -15.39597 13.1751 -16.83545 15.69001 -21.86107 -19.74188 0.5802803 -4.917769 12.32135 -19.36781 13.17126 
  88.83896 7.178314 -17.08523 11.82824 -7.238419 2.539226 -20.08427 -32.40017 19.47767 -3.013098 14.4075 -30.72437 11.96756 
  92.06099 5.287935 -19.27133 10.48138 -3.865685 -8.143156 -23.73324 -34.01122 20.58505 -4.798727 19.27518 -32.61713 5.547841 
  96.31984 -3.809514 -14.20355 5.093933 -6.444835 -12.00525 -22.32911 -41.17837 15.60186 3.154581 18.23211 -27.41204 -5.979176 
  97.43085 -4.872851 -15.69407 1.697297 -6.64323 -13.21004 -22.79716 -43.75003 16.70923 -0.7513008 17.53672 -30.25118 -9.693572 
  97.24568 -3.927662 -16.68776 1.437944 -8.627192 -9.948628 -22.79716 -43.75003 9.511294 -3.846392 15.45057 -25.04609 -9.879292 
  96.50501 -1.092093 -16.38965 2.345679 -6.048042 -7.240419 -21.39303 -41.17837 9.511294 -9.322321 17.53672 -19.36781 -11.27219 
  95.94951 -1.44654 -13.01113 5.767364 -5.15526 -5.886314 -21.86107 -41.82128 15.04817 -10.86987 16.49365 -17.47505 -14.98991 
  93.54233 -0.02875566 -10.80654 16.54226 -10.31356 -1.824 -19.15259 -50.82211 21.13874 -18.33086 19.62287 -18.89462 -13.50194 
  92.61649 -0.146904 -11.42124 16.54226 -7.337617 -0.4698963 -14.68051 -46.32169 23.90718 -27.10568 21.36133 -18.89462 -18.70984 
  90.76482 -0.6194992 -8.962424 19.90941 -8.825588 -0.3194399 -17.84823 -31.47956 20.03136 -27.10568 25.18593 -25.51928 -24.28973 
  89.93524 0.08939362 -7.118311 18.56255 -8.428795 -1.07172 -18.03457 -23.19414 10.61867 -28.49118 21.01364 -22.20695 -32.47357 
  87.46861 3.515705 -7.118311 19.23598 -11.99992 9.072722 -18.96625 -25.03535 10.61867 -28.49118 12.32135 -25.04609 -30.6136 
  87.74268 -0.5013504 -0.9712664 10.48138 -2.675309 14.74468 -24.66933 -14.44842 -4.085688 -12.17933 -2.376349 -15.58229 -35.8215 
  88.01675 -5.581744 5.790483 1.567621 4.344318 11.43604 -20.45694 -13.06751 -6.618643 -13.71254 8.726008 -17.47505 -26.14969 
  88.56489 -13.56906 15.62575 -6.601993 11.79709 2.689681 -22.79716 -10.07556 -4.752255 -13.71254 15.45057 -3.154471 -19.82581 
  88.56489 -19.70471 17.46987 -8.287786 7.006021 5.247435 -15.98486 -12.60721 9.511294 -15.09804 8.726008 0.9747473 -21.31378 
  88.83896 -25.84035 18.08457 -4.52717 5.408998 12.85403 -6.66803 -9.385105 -0.486227 0.6772022 7.067036 0.2460902 -12.01507 
  88.83896 -29.93079 21.15809 4.420502 6.47368 20.88931 -10.02209 -13.52782 -8.485029 -8.489028 2.21773 5.34669 -4.029117 
  88.29082 -25.32905 16.85516 4.420502 0.617933 8.127396 -5.550011 1.211724 -5.952076 -10.98891 7.705102 -7.857022 -0.4706471 
  88.01675 -22.26123 10.09341 5.093933 2.747296 9.072722 -4.059317 -10.53586 -3.152494 3.154581 11.27827 -1.444452 5.146608 
  88.01675 -14.59167 13.78164 3.642444 7.538361 2.238314 -20.45694 -16.51977 -7.68515 1.867621 6.684196 -3.261347 -3.564817 
  88.01675 -6.645082 6.405186 -2.192995 15.52347 1.636489 -27.00955 -26.1861 -11.01798 -5.274895 10.64021 -1.337576 -4.400557 
  89.11303 -3.21877 2.102256 -0.636878 8.603043 -3.479017 -26.07346 -37.32087 -21.23071 -6.108189 11.15066 -1.978833 1.134283 
  89.66117 -2.155432 -2.81538 -2.192995 13.39411 -7.541331 -28.88172 -41.17837 -23.54498 0.4391184 3.366249 -8.391403 -6.722055 
  87.74268 -4.872851 2.102256 -9.19552 15.52347 2.087857 -27.00955 -41.82128 -25.39639 6.269025 -8.452446 -7.108889 -12.38651 
  83.63161 -1.092093 0.2581425 -7.380051 12.86177 11.43604 -32.15802 -37.32087 -26.78495 -1.941721 0.4311438 -12.23895 -23.91773 
  89.11303 -7.353974 -0.3565619 -3.749111 16.05581 2.388769 -33.56215 -28.25746 -27.2478 3.543886 -5.735474 -4.650737 -9.693572 
  90.76482 0.3256903 -8.347719 -1.933642 17.65283 -11.60365 -20.92499 -27.567 -32.33919 8.994164 -10.49017 -0.803195 -1.24332 
  89.66117 8.247402 -14.40229 3.512767 15.52347 -12.00525 -19.52526 -35.39212 -35.57916 7.436943 4.642383 -4.330109 -0.9647398 
  90.57965 9.744126 -16.68776 7.787656 11.79709 -16.42283 -9.835753 -47.60752 -19.37929 -2.894056 2.60057 -1.123824 -1.24332 
  90.76482 9.530309 -16.68776 12.50167 10.20006 -18.43083 -10.02209 -55.96543 -15.67647 -4.560643 3.111023 0.9747473 -1.707619 
  90.20931 10.38558 -19.07259 19.90941 1.682614 -12.80844 -14.30783 -60.46584 -11.01798 -8.489028 11.62597 -9.03266 -0.8718796 
  89.93524 9.957944 -22.15301 23.95 -2.576111 -10.24954 -22.32911 -54.6796 -8.618343 -13.25071 16.49365 -15.58229 -11.27219 
  88.56489 8.888856 -22.55048 25.29686 -5.552052 -2.877193 -26.5415 -53.39377 -12.61774 -16.0217 13.71212 -16.05548 -19.82581 
  86.09825 5.169786 -12.01745 20.58284 -6.147241 -3.930386 -20.08427 -48.25044 -10.75136 -15.55987 8.726008 -13.09395 -26.52168 
  87.74268 -14.08036 8.2493 2.864385 3.279636 -1.07172 -18.77991 -45.03586 -10.88467 -3.72735 -0.206923 -12.4527 -9.693572 
  88.56489 -24.81775 13.78164 3.77212 -5.552052 0.1319284 -27.94563 -34.70167 -11.41792 -20.64003 1.06921 -1.337576 -7.000635 
  88.01675 -24.81775 19.92869 0.7895622 -0.4467483 1.185121 -32.62606 -46.96461 -18.91644 -18.7927 4.89761 -5.933251 -19.45382 
  89.11303 -25.32905 26.69044 -1.155583 -0.4467483 13.79936 -33.0941 -43.10711 -18.91644 -21.56369 13.71212 9.718632 -14.61791 
  90.20931 -29.41948 27.30514 -1.155583 4.344318 8.127396 -34.49823 -30.55896 -20.76785 -18.7927 12.32135 0.9747473 -10.80789 
  90.20931 -32.4873 19.31398 -4.786523 -3.270497 10.49071 -16.73021 -25.49565 -15.21361 -19.25453 3.493863 -5.39887 -7.372074 
  89.66117 -40.15686 10.09341 -4.656847 -6.345636 10.96338 -0.5189209 -31.70971 -22.61927 -9.560406 -0.7173762 -1.337576 -18.70984 
  89.66117 -40.66817 -0.9712664 1.567621 0.617933 5.39789 -17.84823 -46.96461 -20.76785 -4.679686 5.152836 10.44729 -15.3619 
  83.90569 -37.08904 -8.962424 -5.564581 7.538361 13.79936 -18.96625 -49.53627 -21.23071 -1.941721 20.66595 13.36192 -5.607736 
  82.53532 -21.23862 5.175779 -0.636878 11.26475 20.88931 -22.32911 -45.03586 -19.37929 -4.679686 21.70902 6.804004 -9.136413 
  84.7279 -7.70842 17.46987 2.086327 -9.123182 16.16268 -20.45694 -49.53627 -12.75106 0.6772022 8.981236 9.718632 0.7330505 
  86.09825 -2.628026 15.01105 -9.325197 -17.22594 17.58067 -13.18981 -35.16197 -19.84215 -3.608308 15.79826 11.17595 -4.214837 
  85.55011 2.688664 21.15809 -15.63002 -20.34992 13.79936 -15.42585 -33.78107 -16.13932 -12.53645 16.14596 8.989975 -2.264778 
  85.00197 3.870152 25.46103 -13.90405 -29.33134 15.21735 -15.42585 -36.67796 -2.752554 -12.77454 4.642383 15.54789 -5.422016 
  83.63161 3.397556 24.23161 -7.898757 -32.45531 4.043786 -18.03457 -31.01926 -5.285508 -10.51274 2.98341 12.63326 -6.350615 
  81.98718 7.178314 18.69927 -6.601993 -25.81687 3.141049 -23.2652 -32.17002 -9.018284 -12.6555 5.280449 11.17595 -11.73649 
  81.43904 9.316491 15.62575 -13.90405 -26.59787 11.43604 -18.77991 -19.05143 -0.2195997 -20.64003 -5.056229 6.804004 -0.06941453 
  78.69833 10.5994 17.46987 -11.5297 -27.37886 10.96338 -6.481693 -7.5439 -1.686048 -33.57133 -7.093956 -2.08571 2.337981 
  75.95763 11.24085 15.62575 -9.973579 -22.3024 7.654732 -1.264267 -7.313749 -8.618343 -42.80799 -7.773201 5.34669 -0.8718796 
  73.49099 8.033585 16.24046 -1.155583 -21.91191 7.654732 -3.686644 -16.05947 -17.06503 -31.26217 -1.483056 12.63326 -5.979176 
  73.49099 10.81321 12.55223 -5.564581 -18.39743 8.127396 -4.618327 -14.44842 -14.75076 -28.02935 -12.5279 5.34669 -7.650654 
  73.21692 10.5994 9.478709 -9.19552 -16.83545 4.495153 -11.14011 -17.90068 -32.80204 -35.8805 -10.49017 -4.223232 -8.579253 
  75.95763 9.530309 3.946369 -8.806492 2.747296 10.01805 -30.75389 -47.60752 -5.818762 -14.6362 -5.056229 -15.1091 4.344143 
  81.71312 8.247402 -8.962424 -1.544613 13.39411 3.592418 -50.4117 -30.32881 12.27973 -13.13166 -5.056229 -10.10142 18.78851 
  88.01675 5.642382 -21.05996 21.25628 7.006021 -12.40684 -45.26323 -41.17837 17.81661 -5.155853 4.769996 -13.52146 23.6033 
  92.61649 3.988299 -26.65461 27.31715 -2.675309 -14.81644 -47.60344 -45.03586 14.49448 -3.13214 1.196823 -6.681385 23.20207 
  95.20884 2.334218 -26.23557 22.60314 -3.568091 -21.64362 -47.60344 -45.67878 20.03136 1.15337 0.941597 -1.978833 8.757701 
  96.50501 0.3256903 -28.33077 17.21569 -2.04377 -18.43083 -49.47561 -43.75003 21.69242 8.215553 5.025223 0.2460902 3.541678 
  96.87534 -0.7376475 -30.84501 13.84853 -3.468893 -11.60365 -48.07148 -36.67796 22.7998 7.826248 11.02305 -4.330109 0.331818 
  96.50501 2.09792 -35.0354 14.52197 -10.71035 -3.930386 -44.79518 -34.70167 29.99774 4.322497 5.152836 -5.719499 -4.679136 
  95.57917 6.351274 -37.1306 15.86883 -15.07506 -1.523088 -42.45497 -35.16197 35.53461 -1.465552 6.939423 -10.2083 -8.579253 
  95.76434 9.316491 -42.15907 16.54226 -15.27346 -8.143156 -33.56215 -33.09062 34.98093 -5.274895 5.152836 -7.215765 -8.207813 
  95.20884 10.5994 -44.67331 18.56255 -21.13091 -0.3194399 -37.30649 -26.1861 30.55143 -3.370224 4.89761 -6.574508 -5.514876 
  94.8385 10.81321 -45.51139 19.90941 -24.64538 -2.877193 -36.83845 -29.86851 37.19568 -2.179805 3.111023 -4.86449 1.134283 
  95.02367 12.30994 -46.34947 22.60314 -26.20737 -1.523088 -41.98692 -27.567 32.76618 -5.393937 -6.414715 -9.673917 -1.24332 
  95.20884 12.09612 -46.34947 24.62343 -26.98836 0.8842087 -43.8591 -26.87655 26.67561 -8.727112 -10.49017 -13.20083 -4.493417 
  94.283 10.17176 -41.321 25.97029 -21.91191 -2.576281 -41.98692 -34.93182 21.69242 -16.48353 -5.056229 -15.1091 -3.843397 
  93.172 8.46122 -39.64484 33.37803 -19.95942 -6.939507 -34.49823 -39.89254 24.46086 -25.72018 -2.886802 -16.52867 -1.800479 
  92.43132 8.46122 -36.71156 36.07175 -13.3887 -12.40684 -30.28585 -42.4642 21.69242 -21.10186 -3.269642 -16.52867 3.140446 
  89.93524 9.957944 -32.9402 40.11234 -13.2895 -10.4 -30.28585 -37.96379 11.72605 -18.33086 -2.503963 -17.00186 0.331818 
  87.74268 8.033585 -30.00693 36.07175 0.617933 -5.585402 -28.41368 -39.89254 2.867042 -20.17819 -5.735474 -14.16272 0.7330505 
  85.55011 6.351274 -27.49269 21.25628 3.279636 -13.61164 -31.22193 -38.6067 7.296544 -5.274895 -9.131687 -2.192585 -0.06941453 
  82.53532 5.406084 -31.26405 13.84853 -0.4467483 -15.21804 -28.41368 -32.86047 9.511294 -14.17437 -13.20715 -9.88767 -8.857833 
  83.35754 9.316491 -26.23557 15.86883 -0.4467483 -16.82443 -20.92499 -31.93987 12.27973 -14.6362 -13.88639 -4.543861 -1.057599 
  83.08347 9.102674 -22.74922 13.1751 7.006021 -25.25801 -22.32911 -22.73384 14.49448 -10.63178 -11.16942 -12.23895 5.547841 
  79.79462 8.888856 -19.27133 11.82824 9.667724 -20.03723 -23.73324 -34.01122 16.15555 -10.27466 -14.56563 -7.857022 7.152771 
  77.32798 10.81321 -30.00693 11.82824 1.682614 -8.594524 -25.60542 -34.93182 8.957606 -10.75082 -31.54671 -14.16272 5.547841 
  75.40948 8.888856 -37.1306 1.308268 -3.964884 -16.42283 -31.22193 -30.32881 2.867042 -22.94919 -48.52779 -28.35842 -5.050576 
  74.86134 8.888856 -35.0354 2.864385 -2.675309 -11.60365 -34.96628 -22.04339 8.957606 -26.18202 -28.15049 -10.84956 3.942911 
  82.8094 -18.6821 -9.577128 -14.59443 12.32943 -24.05322 -35.43432 -29.17806 -4.352315 -7.893818 -17.2826 1.703404 -3.100517 
  86.09825 -16.12558 -2.200675 -7.639404 9.135383 -20.84042 -34.03019 -34.70167 7.850231 3.543886 -24.07504 3.160718 -4.400557 
  91.69065 -7.590271 -13.90545 23.95 9.135383 -28.47081 -41.05083 -37.32087 5.081793 -3.370224 -9.131687 3.160718 8.757701 
  95.394 -5.93619 -18.37702 23.95 5.408998 -29.274 -35.43432 -42.4642 16.70923 -9.441363 -3.907709 -3.154471 6.350306 
  96.31984 -6.999528 -22.05364 23.95 4.344318 -24.45481 -34.96628 -36.67796 18.3703 -8.846153 -0.8449898 -1.016948 5.146608 
  96.69018 -5.109149 -23.94164 24.62343 -0.4467483 -20.84042 -36.83845 -32.17002 21.69242 -8.965196 1.579663 -4.543861 5.949073 
  96.50501 -2.982472 -23.24606 22.60314 -5.65125 -16.42283 -35.90236 -31.24941 21.69242 -10.15561 2.090117 -8.284527 12.36879 
  95.394 -0.5013504 -23.84227 21.25628 -8.032003 -11.00182 -37.77454 -34.24137 21.69242 -3.13214 2.728183 -9.353289 13.97372 
  93.72749 0.2075415 -24.041 21.9297 -6.742429 -4.080842 -38.71062 -31.47956 16.70923 5.101109 2.728183 -5.078242 7.955236 
  91.69065 0.4438391 -15.59471 16.54226 0.08559236 0.4328403 -40.11475 -22.04339 -7.68515 9.383471 -8.452446 5.34669 -0.06941453 
  89.93524 -10.50124 -3.430084 4.161148 17.65283 -14.81644 -17.10288 -27.33685 -11.81786 21.06264 -9.131687 8.989975 3.541678 
  88.56489 -19.70471 6.405186 3.901796 26.70262 -24.85641 -27.47759 -9.615255 -1.286107 12.49791 -17.96185 14.81923 4.344143 
  88.01675 -25.32905 8.864003 -6.991022 30.96135 -26.86441 -27.94563 -8.464502 -23.54498 18.7268 -11.84866 17.0052 9.961398 
  87.74268 -31.976 2.71696 -9.973579 28.83199 -23.25002 -20.08427 -11.68661 -13.01768 16.78028 -13.20715 5.34669 -3.750537 
  89.3871 -37.08904 1.487551 -10.36261 9.135383 -17.22603 -30.28585 -27.79715 -12.08449 16.78028 -17.2826 3.889376 -11.45791 
  88.01675 -37.60034 -5.274198 -2.7117 1.150274 -23.65162 -21.39303 -37.32087 -19.37929 17.16958 -2.503963 3.160718 -4.493417 
  86.92046 -31.4647 -14.00482 -3.10073 1.150274 -25.25801 -31.68998 -36.03504 -24.00783 10.16208 -13.88639 3.889376 -6.907774 
  83.63161 -21.23862 -11.42124 -6.861345 5.408998 -12.00525 -21.86107 -27.1067 -11.95118 13.27653 -8.452446 -5.078242 -10.25073 
  82.8094 -17.14819 -9.577128 -1.414936 14.45879 -7.390875 -13.37615 -14.67857 -5.152195 26.51292 2.21773 -14.16272 -11.27219 
  86.37232 -8.45602 -11.42124 -1.025908 14.45879 -8.594524 -27.47759 -14.67857 -2.752554 25.73431 0.0483036 -13.09395 0.331818 
  86.92046 -7.235826 -8.962424 0.7895622 12.32943 -0.7708082 -19.7116 -6.162996 7.850231 17.55889 -5.735474 -20.31419 -4.771996 
  88.01675 -2.037283 -5.888902 -9.19552 4.344318 3.592418 -20.92499 -9.385105 1.113534 19.11611 -8.452446 -20.78738 -1.800479 
  87.19453 3.279408 -4.659493 -15.97521 4.876658 -0.3194399 -24.66933 -9.154955 0.04702663 15.61236 -5.056229 -23.15333 -3.564817 
  87.74268 7.178314 -7.733015 -22.1887 -1.51143 0.8842087 -31.22193 -9.845406 0.5802803 10.94069 -10.49017 -19.841 -7.929234 
  89.11303 7.819767 -15.49534 -17.35599 8.070702 -12.40684 -32.15802 -15.59917 2.313354 13.27653 -15.92412 -21.26057 -12.75795 
  89.93524 8.46122 -20.76185 -18.73676 17.65283 -21.64362 -27.47759 -24.80519 7.296544 8.604859 -13.20715 -18.89462 -17.22186 
  88.83896 10.38558 -19.56944 -22.1887 20.84688 -21.24202 -29.34976 -27.33685 4.528105 10.16208 -9.810928 -15.1091 -23.91773 
  87.19453 14.02048 -20.46375 -20.80793 21.91156 -23.65162 -24.20129 -28.94791 2.313354 15.61236 -11.84866 -10.42205 -17.59385 
  86.09825 16.80011 -19.56944 -25.64064 18.18517 -20.43882 -22.79716 -25.95595 2.867042 6.658331 -13.88639 -0.803195 -20.5698 
  85.27604 17.65538 -19.3707 -25.98583 13.92645 -14.81644 -17.66189 -20.89264 -6.618643 -3.251182 -5.735474 3.160718 -25.03371 
  83.90569 18.72447 -14.89913 -26.33103 9.667724 -8.293612 -17.84823 -19.28158 -11.28461 -3.846392 -5.056229 -0.4825668 -33.21755 
  83.08347 20.64883 -15.99218 -20.80793 3.279636 -11.15228 -15.79853 -14.67857 -5.152195 -15.55987 -1.483056 -4.116357 -32.10157 
  82.8094 20.64883 -18.87386 -17.35599 1.150274 -12.80844 -14.49417 -5.108472 0.1803398 -22.48736 -0.5897627 -10.84956 -22.42976 
  83.35754 18.29683 -21.45743 -12.17808 -0.9790889 -8.594524 -14.86684 -4.833682 4.528105 -17.86903 0.941597 -17.94824 -17.59385 
  83.08347 18.29683 -21.95427 -8.028433 -7.833607 -13.61164 -11.32645 3.135262 -8.351717 -11.94124 5.790902 -23.15333 -15.73389 
  82.26126 18.93829 -20.56312 -2.971053 -11.70233 -15.61964 -6.295357 2.036098 -10.61804 -12.29837 2.090117 -24.09971 -2.079059 
  81.98718 19.57974 -16.98586 -1.803966 -15.27346 -14.01324 -5.363673 1.486516 -5.418822 -13.25071 2.472957 -26.46566 -0.8718796 
  82.26126 19.36592 -14.10418 -1.155583 -14.38068 -20.84042 6.783948 -0.4370226 -11.41792 -6.822441 -0.7173762 -21.26057 1.936748 
  84.45383 15.08957 -15.09787 -2.582024 -16.44495 -3.629474 -1.450603 -0.4370226 -6.485329 -9.441363 9.491688 -20.78738 6.350306 
  86.64639 12.52376 -11.52061 -5.434905 -21.52141 -4.080842 7.913881 -6.393147 -20.76785 1.986664 26.5767 -17.00186 3.942911 
  90.76482 6.823868 -11.52061 -5.823934 -18.78793 4.344698 3.39415 -19.74188 -11.68455 16.39097 15.79826 -15.1091 -7.186355 
  93.35716 3.397556 -17.68144 -6.472316 -14.28148 7.654732 0.04009056 -22.73384 4.528105 6.658331 8.343168 -5.719499 -16.47788 
  94.283 -0.3832016 -23.84227 -5.305228 -18.00694 10.96338 -6.66803 -19.28158 11.72605 7.047637 6.811809 -5.39887 -20.5698 
  93.91267 -3.691365 -24.97845 -5.305228 -16.05445 10.01805 -13.00348 -25.03535 12.83342 11.33 9.874528 -7.963898 -26.52168 
  93.172 -2.509878 -23.7429 -7.898757 -18.39743 10.01805 -14.86684 -24.57505 8.957606 -0.6322594 3.238636 -8.925783 -22.80175 
  89.3871 -0.9739451 -22.94795 1.826974 -18.39743 12.38137 -15.61219 -17.21023 0.4469671 -0.2751331 22.05671 -9.353289 -17.59385 
  85.55011 7.392132 -24.97845 11.15481 -20.34992 11.9087 -7.22704 -0.1622317 -11.81786 -14.6362 17.53672 -33.56351 -12.57223 
  82.8094 10.38558 -23.94164 17.21569 -18.00694 14.74468 -9.276744 2.58568 -25.85924 -30.80034 20.31825 -33.56351 -3.936257 
  82.26126 9.957944 -22.64985 19.23598 -22.3024 9.072722 -5.177337 3.684845 -20.76785 -22.48736 24.14286 -32.61713 -1.057599 
  81.43904 10.17176 -18.27765 19.23598 -19.17843 8.127396 -14.68051 -0.7118136 -25.39639 -16.94537 27.96747 -26.46566 -18.33784 
  81.43904 12.73757 -21.15933 11.82824 -18.00694 4.495153 -10.39476 -3.734517 -27.2478 -20.64003 28.66285 -30.72437 -18.70984 
  79.24648 10.81321 -20.36438 15.86883 -15.27346 2.087857 -19.7116 -2.08577 -30.95063 -9.560406 27.27208 -35.45627 -10.90075 
  77.87612 12.30994 -22.35175 5.767364 -14.28148 -2.877193 -9.649417 10.27983 -34.19061 -17.4072 33.18284 -34.98308 -11.73649 
  76.2317 12.73757 -20.66249 7.787656 -11.50393 -6.488139 -8.34506 3.410053 -37.89343 -23.87285 27.61978 -37.34903 -14.24592 
  75.95763 13.37903 -21.35806 4.290825 -10.61115 5.548347 -4.991 -5.383264 -44.37338 -17.86903 21.70902 -44.44688 -20.94179 
  75.40948 16.58629 -16.29028 2.864385 -14.87667 5.698803 3.959116 -0.986605 -32.80204 -26.18202 11.62597 -27.88523 -23.54574 
  74.86134 19.57974 -14.50166 -1.414936 -8.032003 8.600059 5.089049 -5.658055 -34.19061 -14.6362 20.66595 -25.04609 -30.6136 
  73.76506 13.80666 -5.888902 2.086327 -0.4467483 8.127396 -4.804664 -9.615255 -33.2649 -16.48353 11.27827 -13.30771 -22.80175 
  81.71312 -2.982472 2.102256 -5.694258 -7.833607 9.545385 -12.44447 -30.32881 -17.52788 13.27653 -9.131687 11.9046 -36.56549 
  88.29082 -2.864324 -12.01745 -1.28526 -22.6929 9.072722 -27.00955 -38.6067 -8.88497 17.94819 10.25737 9.718632 -22.80175 
  90.57965 0.08939362 -28.74981 0.01150417 -31.28383 4.495153 -22.79716 -37.32087 -1.552733 15.61236 25.53362 -10.74268 -12.01507 
  91.13515 0.08939362 -36.71156 -4.138141 -30.11234 -1.673545 -18.96625 -35.39212 0.1803398 14.83375 26.5767 -19.841 -6.257755 
  91.87582 1.861624 -38.38772 -1.674289 -30.11234 -3.77993 -17.28922 -33.78107 1.913414 6.658331 30.749 -29.77799 0.331818 
  90.94998 6.469422 -42.15907 -1.025908 -28.55035 -4.682666 -10.5811 -36.67796 0.1803398 8.994164 24.49055 -27.41204 -3.564817 
  91.13515 5.287935 -44.25427 0.01150417 -30.50283 -4.231298 -5.363673 -37.32087 5.63548 3.933192 26.5767 -26.46566 -4.307696 
  90.94998 4.933489 -47.60659 -0.1181726 -36.36028 3.441961 -7.78605 -33.78107 6.189168 5.490414 26.22901 -28.35842 0.331818 
  89.3871 6.469422 -50.9589 -1.28526 -39.09376 4.495153 -3.686644 -35.39212 6.742856 8.994164 16.14596 -19.36781 -7.743514 
  88.01675 6.705719 -50.9589 -2.452348 -36.36028 1.335577 -2.941298 -27.1067 5.63548 8.994164 17.18903 -28.35842 -4.957716 
  89.3871 3.870152 -45.51139 -1.803966 -40.26525 3.592418 -3.313971 -31.01926 10.61867 1.391454 11.97366 -19.841 -4.029117 
  88.83896 6.705719 -45.51139 -6.083287 -35.57929 1.486032 -2.568623 -28.94791 -1.819361 -2.53693 15.79826 -25.51928 -9.322132 
  88.29082 4.224597 -40.90195 -9.454873 -34.7983 -0.6203518 -3.87298 -34.47152 5.63548 -4.560643 9.364075 -17.94824 -4.771996 
  85.27604 7.392132 -37.96868 -9.065844 -23.47389 -9.196348 7.913881 -28.94791 6.189168 -6.465314 17.53672 -25.04609 -4.493417 
  83.63161 8.888856 -34.19732 -17.70118 -13.3887 -11.45319 10.73871 -26.6464 -0.7528534 -3.370224 20.66595 -21.26057 -10.52931 
  80.61684 8.033585 -32.9402 -25.29545 -12.49592 -3.027649 9.608779 -22.96399 0.7135935 1.391454 18.92749 -25.04609 -9.229273 
  78.15019 7.392132 -27.91173 -22.1887 -17.22594 -0.01852798 0.4127636 -26.41625 -4.752255 8.604859 18.5798 -18.42143 -13.50194 
  75.40948 7.392132 -25.39749 -22.5339 -20.34992 7.203363 -0.5189209 -25.2655 -1.819361 12.49791 18.23211 -8.49828 -9.229273 
  73.49099 5.76053 -29.58789 -21.84351 -18.00694 4.946522 11.86864 -6.623299 -4.085688 8.215553 26.22901 -8.605156 -3.843397 
  71.57249 4.81534 -31.26405 -25.64064 -16.83545 16.16268 11.86864 -15.13887 -0.2195997 12.10861 26.22901 -12.02519 -5.700596 
  70.47621 5.996827 -35.45444 -24.25986 -17.61644 19.47132 8.478848 -18.82128 -4.219002 6.658331 14.05981 -15.58229 -14.24592 
  69.37993 5.76053 -34.61636 -30.81855 -19.17843 15.69001 7.913881 -21.58309 -13.28431 16.00167 16.84134 -13.73521 -19.82581 
  66.91329 1.861624 -35.45444 -27.02142 -12.79351 24.19795 1.717119 -19.28158 -17.52788 9.383471 11.97366 -27.88523 -18.33784 
  65.26887 -1.682837 -37.54964 -20.80793 -10.61115 22.77996 12.43361 -15.59917 -13.151 4.322497 9.364075 -13.20083 -13.87393 
  64.9948 -0.3832016 -35.0354 -25.98583 -10.41276 21.36197 13.56354 -17.90068 -14.08419 12.10861 19.97056 -6.574508 -8.486393 
  64.44666 1.389029 -33.35925 -28.057 -17.22594 17.108 6.783948 -23.19414 -27.2478 -5.036811 13.01673 -2.513214 -10.34359 
  63.89851 -0.9739451 -30.84501 -24.60506 -18.39743 12.85403 10.17375 -25.2655 -19.84215 1.391454 10.00214 -2.299461 -3.750537 
  62.80223 -2.982472 -36.29252 -26.67622 -12.09912 17.108 10.17375 -20.20218 -19.84215 0.4391184 17.88441 -7.002013 -7.836374 
  61.98001 -2.982472 -30.00693 -25.98583 -7.040023 16.16268 9.608779 -13.29766 -24.93353 -8.489028 8.853621 -21.26057 -17.22186 
  60.88373 -4.16396 -28.33077 -19.42715 -14.38068 13.32669 0.9717731 -21.58309 -25.39639 -8.965196 10.51259 -5.291994 -14.24592 
  60.60966 -4.754703 -25.39749 -11.65937 -10.21436 5.849258 3.959116 -19.74188 -22.61927 6.269025 15.45057 -8.284527 -16.47788 
  59.51337 -3.573216 -24.55941 -14.24924 -11.99992 3.742874 0.5991001 -11.22631 -13.01768 7.436943 4.642383 -19.36781 -28.00965 
  60.88373 -1.210242 -24.97845 -15.97521 -5.452854 11.43604 6.218982 -7.774052 -8.751657 4.322497 11.97366 -7.536394 -21.31378 
  60.33559 -1.919135 -28.33077 -22.5339 -9.916766 12.38137 7.348914 -14.44842 -8.08509 16.00167 17.53672 -12.02519 -25.7777 
  60.33559 -4.754703 -27.49269 -20.11754 -8.329597 9.545385 -1.450603 -18.59113 -16.60217 5.490414 23.79517 -12.66645 -24.66172 
  59.78745 -3.336919 -24.55941 -19.77234 -10.01596 18.05333 6.783948 -16.98008 -12.88437 10.94069 16.49365 -4.330109 -26.52168 
  59.2393 -3.100621 -21.5568 -20.80793 -7.635211 15.69001 5.089049 -14.44842 -14.35082 0.6772022 10.38498 -2.726966 -15.73389 
  57.86895 -3.336919 -18.37702 -11.65937 -7.932805 4.796066 2.276131 -7.774052 -17.99073 -1.941721 7.449875 -8.712031 -13.12994 
  56.22453 -6.645082 -18.47639 -10.75164 -6.345636 1.335577 -1.07793 -1.810978 -8.751657 -6.584356 -2.503963 -17.47505 -12.57223 
  56.4986 -10.50124 -21.75554 -14.93963 -11.40474 0.4328403 -1.07793 -5.932846 -5.285508 -2.775014 2.60057 -18.89462 -17.59385 
  55.67638 -8.45602 -17.97954 -13.90405 -12.09912 0.8842087 -3.127634 -11.45646 -14.35082 -13.25071 3.621476 -8.818908 -14.24592 
  54.30492 -8.45602 -18.87386 -12.86847 -6.147241 -0.01852798 -1.264267 -9.845406 -15.67647 -7.060524 0.1759167 -14.63591 -12.01507 
  54.89301 -6.408784 -15.69407 -14.59443 -5.552052 11.9087 12.99858 -3.734517 -13.01768 -7.060524 2.728183 -15.58229 -16.84987 
  55.40231 -7.353974 -19.76817 -12.52327 -2.04377 2.238314 0.7854366 0.936933 -8.88497 0.6772022 -1.738283 -20.31419 -11.45791 
  55.67638 -6.290636 -18.67512 -17.35599 -7.833607 1.034664 2.089792 -2.360561 -17.52788 -10.86987 -6.414715 -5.505747 -8.764973 
  55.01063 -9.989933 -18.77449 -6.731669 -4.064081 3.592418 5.089049 -0.4370226 -12.2178 -1.346511 8.343168 -0.4825668 -11.08647 
  54.06969 -9.47863 -19.56944 -13.90405 -14.67827 8.600059 -1.450603 -4.55889 -8.485029 -7.298608 0.5587568 -1.76508 -19.08183 
  54.54016 -9.47863 -18.87386 -11.65937 -4.659269 4.796066 -2.382286 -2.635352 -13.55094 -3.965434 10.25737 3.160718 3.140446 
  54.06969 -6.881379 -16.19092 -10.36261 -7.436815 -0.6203518 -0.3325844 -0.4370226 -5.552135 -4.679686 2.21773 -3.368223 -8.764973 
  52.77591 -9.989933 -14.89913 -9.714226 -7.932805 0.1319284 -2.941298 -5.383264 -14.75076 -3.13214 11.62597 -0.4825668 -9.786432 
  53.01114 -10.50124 -16.58839 -12.17808 -5.254458 10.49071 4.524083 -4.009308 -17.52788 -9.322321 13.01673 -3.902604 -10.25073 
  53.59922 -6.76323 -16.48902 -11.40002 -11.40474 8.127396 3.39415 -5.658055 -18.45359 -18.7927 1.45205 -10.10142 -10.25073 
  53.71684 -6.526933 -12.11682 -8.287786 -12.09912 1.636489 2.089792 -0.1622317 -10.88467 -12.29837 2.21773 -5.612623 1.535516 
  52.77591 -8.967325 -14.50166 -3.749111 -8.527993 5.096979 -3.686644 -8.234352 -8.88497 -9.560406 -8.452446 0.9747473 7.152771 
  53.12875 -6.408784 -12.01745 -13.90405 -10.71035 8.127396 1.530783 -10.07556 -6.085389 -1.584595 -4.290549 -6.467632 -8.486393 
  52.30544 -9.989933 -16.88649 -11.5297 -4.857666 -1.974457 0.2264271 -1.810978 -6.485329 -3.965434 13.36442 0.2460902 -9.507853 
  52.30544 -8.45602 -14.89913 -6.731669 -2.04377 8.600059 5.654015 -0.4370226 -3.285808 -0.03704929 8.470781 -7.215765 -9.972153 
  52.54067 -9.989933 -11.71935 -7.76908 -7.932805 4.194242 3.959116 1.211724 -0.08628654 -3.72735 5.025223 -2.62009 -7.186355 
  51.83497 -9.47863 -13.60734 -3.619435 -2.04377 -1.824 4.524083 2.036098 -11.41792 -7.060524 3.366249 -10.31517 -0.9647398 
  52.18782 -8.967325 -14.20355 -8.028433 -4.262478 5.096979 2.276131 0.6621421 -13.28431 -9.322321 -2.376349 -12.4527 -6.443475 
  50.6588 -9.989933 -14.60102 -8.806492 -5.65125 5.698803 4.524083 -8.694653 -7.418523 -6.346272 5.408062 -2.833842 -1.614759 
  50.6588 -7.944717 -11.42124 -7.509727 -8.329597 0.1319284 -5.922684 -4.009308 -4.485628 -7.655734 0.6863699 -2.940719 -3.936257 
  49.83548 -11.01254 -14.00482 -7.898757 -6.841627 13.32669 1.903456 -1.536187 -4.085688 -15.09804 -0.3345366 -7.750146 0.331818 
  49.60025 -9.989933 -14.20355 -9.58455 -7.436815 12.38137 1.15811 -1.536187 -7.951777 -8.727112 -4.035322 -4.330109 -2.079059 
  49.60025 -12.54645 -14.40229 -12.86847 -15.27346 1.486032 3.39415 3.959636 -10.35142 -14.17437 3.621476 -3.902604 3.140446 
  50.18833 -9.47863 -8.962424 -4.138141 -9.22238 4.043786 1.717119 0.936933 -9.551537 -8.60807 0.0483036 -13.20083 -9.972153 
  48.89455 -10.50124 -12.01745 -6.472316 -9.817568 -1.07172 -0.8915939 -8.464502 -16.13932 -15.09804 1.196823 -20.78738 -13.50194 
  49.2474 -8.967325 -12.8124 -12.0484 -11.90073 -4.381754 2.462467 -1.810978 0.8469076 -3.370224 4.259542 -7.002013 -3.379098 
  47.60076 -11.52385 -18.37702 -10.88131 -3.171299 -4.381754 8.478848 7.531921 -5.685449 2.765275 0.1759167 -5.185118 -5.236296 
  47.60076 -12.03515 -13.60734 -7.639404 -8.428795 -1.07172 4.524083 -6.393147 -12.35112 -5.632021 5.535676 -1.016948 -1.336179 
  49.48263 -11.01254 -14.50166 -3.489758 -4.956863 -2.425825 -3.313971 -11.22631 -11.95118 -7.41765 -2.886802 -4.86449 -11.45791 
  49.36501 -8.45602 -12.61366 -6.083287 -8.924786 -2.124913 0.9717731 -5.932846 0.8469076 -8.60807 -1.227829 -6.681385 -13.50194 
  48.30646 -8.45602 -9.577128 -10.49228 -13.98389 -5.886314 -3.313971 -5.932846 -13.151 2.375969 5.152836 -8.49828 -6.629195 
  49.83548 -8.967325 -16.78712 -12.0484 -13.88469 -1.673545 -8.158724 -0.1622317 -10.48473 -5.632021 -4.545775 -8.818908 -3.936257 
  49.48263 -6.999528 -13.20987 -12.17808 -9.023983 0.1319284 3.39415 -8.234352 -5.685449 1.034328 -1.227829 -3.4751 -3.007658 
  49.48263 -7.826569 -10.19183 -4.138141 -3.072101 2.388769 -1.63694 -9.385105 -12.61774 -2.775014 -2.503963 -10.52893 -3.193377 
  49.60025 -7.353974 -11.61998 -7.898757 -10.11516 -0.1689835 2.089792 0.936933 -12.08449 -5.393937 -0.8449898 -5.291994 -7.279214 
  48.07123 -11.01254 -15.19723 -6.342639 -5.849647 -2.124913 -1.07793 -5.932846 -5.685449 2.375969 7.705102 -0.4825668 -8.857833 
  49.71786 -9.47863 -13.70671 -11.27034 -10.71035 -1.222177 -4.43199 -7.313749 -7.951777 -0.513217 4.51477 7.532661 -0.4706471 
  47.71838 -8.967325 -12.91177 -14.59443 -4.659269 -3.027649 2.276131 1.486516 -3.152494 6.269025 2.98341 -4.00948 -12.10793 
  47.60076 -11.01254 -13.80608 -11.40002 -5.750448 3.291506 -3.127634 0.1125597 -7.018583 -0.8703432 3.366249 -4.116357 1.134283 
  48.54169 -11.01254 -19.56944 -13.90405 -9.71837 -6.187227 -7.599713 -11.68661 -4.885569 -15.09804 11.97366 3.160718 -3.657678 
  48.54169 -9.989933 -17.28397 -12.52327 -10.31356 3.291506 10.17375 -3.184934 3.42073 -5.512979 7.194649 6.075347 -9.972153 
  49.2474 -8.45602 -12.41492 -6.212963 -7.833607 1.185121 5.089049 5.883174 -12.35112 -4.322559 -1.227829 -3.368223 -5.143436 
  48.42408 -8.45602 -11.42124 -8.676815 -12.19832 0.2823839 9.043814 1.761307 -3.552435 -2.179805 -0.206923 -13.52146 -13.50194 
  47.83599 -11.01254 -10.80654 -7.76908 -11.99992 1.486032 2.648804 -3.734517 -2.752554 -5.393937 -1.610669 -9.673917 -10.90075 
  48.54169 -10.50124 -9.577128 -2.192995 -11.50393 2.689681 6.218982 2.860471 0.9802208 0.3200769 -7.093956 -4.330109 -6.536335 
  48.18885 -11.01254 -9.577128 -5.434905 -6.64323 5.698803 -1.823277 -7.083599 -7.28521 -5.870105 -5.735474 -4.86449 -2.171919 
  48.77693 -6.408784 -6.503606 -11.91873 -10.11516 7.353819 7.913881 2.860471 -12.08449 -14.6362 -6.414715 0.9747473 -2.450499 
  49.2474 -7.235826 -6.503606 -7.380051 -10.31356 4.043786 3.207813 -5.658055 -2.085987 3.154581 1.196823 -6.467632 -2.171919 
  49.60025 -8.45602 -10.19183 -7.250374 -8.032003 3.742874 6.783948 -0.986605 -11.55124 -7.179566 1.45205 -4.00948 -8.857833 
  49.01217 -8.45602 -14.89913 -11.78905 -6.841627 1.937401 4.524083 -4.284099 -2.352614 -0.3941755 -8.452446 -11.38394 -5.979176 
  48.89455 -9.47863 -11.61998 -8.676815 -9.916766 4.043786 6.218982 -4.284099 -3.019181 -7.893818 -8.452446 -14.16272 -10.62217 
  48.77693 -8.45602 -11.81871 -10.88131 -9.916766 9.072722 7.913881 -1.261396 -13.81757 -5.274895 -9.131687 -10.2083 -8.486393 
  48.65931 -11.01254 -14.30292 -7.76908 -8.329597 10.49071 3.39415 -5.383264 -14.61745 -6.941483 -4.290549 -6.681385 -5.050576 
  47.83599 -11.52385 -9.577128 -2.192995 -5.65125 -4.682666 5.089049 1.486516 -10.35142 -9.203279 0.4311438 -9.460165 -21.68578 
  58.41709 -16.12558 -34.61636 -7.76908 -20.34992 28.45193 38.98703 -63.0375 -30.95063 -0.2751331 16.14596 10.44729 -27.63766 
  57.86895 -12.03515 -28.74981 -3.749111 -11.99992 37.43253 38.98703 -54.6796 -26.78495 -6.822441 4.387156 8.261318 -16.10588 
  51.95259 -5.93619 -12.91177 -8.547138 -5.552052 15.69001 7.348914 -21.81324 -23.54498 -6.941483 -5.735474 -6.681385 -16.10588 
  48.42408 -11.01254 -17.88018 -11.14067 -7.337617 6.902451 -1.450603 -15.36902 -19.37929 -5.512979 0.3035302 1.703404 0.331818 
  48.42408 -12.54645 -14.20355 -8.806492 -5.056062 5.548347 2.089792 -9.154955 -10.08479 -3.370224 4.004316 7.532661 -12.75795 
  48.42408 -9.989933 -11.42124 -3.360083 -1.51143 10.96338 5.654015 -7.083599 -14.21751 0.3200769 5.280449 -7.64327 -14.61791 
  48.07123 -10.50124 -12.01745 -9.065844 -5.353656 -0.9212646 1.15811 -9.845406 -6.352015 -4.917769 -4.673388 -7.215765 -3.007658 ]
