test01  [
  52.87971 -7.015843 -16.75322 -21.88922 -21.0952 -4.824256 2.641273 8.294731 0.5404905 -0.270422 7.480522 -6.675407 -18.55798 
  54.14304 -4.562411 -10.17346 -15.41781 -16.21692 6.652474 9.252357 2.317001 -14.4807 -4.55954 14.3554 3.120318 -16.73352 
  56.03802 -6.157142 -7.851185 -23.44936 -24.23123 -2.551257 -2.93144 -4.657017 -12.58802 7.060731 6.479219 2.720354 0.06593418 
  53.89037 -4.685082 -11.20558 -23.18933 -20.04985 0.7824745 -4.498766 -8.153984 -4.134048 1.87518 1.90183 -10.78426 -12.04206 
  53.25871 -5.911799 -13.1408 -19.80903 -10.02907 17.88276 -3.628029 -9.738041 -4.89112 5.64649 -0.8159943 -14.13268 -7.244055 
  53.51138 -8.733246 -19.15426 -23.18933 -9.374279 14.81996 2.641273 -5.985401 -7.288515 0.9323524 2.760091 -7.497179 -3.527111 
  52.37439 -8.855918 -17.14027 -21.88922 -6.568029 13.79902 4.844968 -1.668152 -1.862831 -0.6603413 1.90183 -10.68154 -7.615749 
  54.3957 -5.789127 -16.75322 -19.54901 -5.071363 19.92464 5.395892 -7.645882 -4.134048 -2.479967 6.765306 -4.312815 1.181018 
  53.25871 -8.855918 -23.73859 -23.70938 -1.797405 16.86183 10.35421 1.320713 -1.358116 -9.108603 14.05527 7.519919 -4.88999 
  52.62705 -7.50653 -23.25603 -26.82966 -8.064695 10.73622 14.21067 2.981194 -4.512584 -3.259807 -4.105993 -6.059079 -1.544741 
  52.75338 -6.7705 -21.32578 -33.33024 -14.47469 15.84089 13.10882 1.652809 -3.88169 -1.830101 -4.105993 -9.038 6.082354 
  53.63771 -7.138515 -20.84322 -34.11031 -15.52003 7.673409 -3.976324 -9.386028 2.450948 4.703662 -0.2438211 -13.28024 -1.544741 
  55.78535 -8.97859 -25.66883 -20.32908 -11.05803 12.26762 3.192197 -3.328633 6.271864 -1.830101 -14.99205 -23.72256 -2.783722 
  57.20226 -14.48139 -33.87236 -18.50892 -12.03555 -0.2782583 1.248095 -7.645882 9.45596 -8.97863 -24.03196 -5.750915 12.69741 
  55.28003 -11.12244 -29.7706 -27.60973 -6.568029 6.142006 7.048663 7.630539 -2.115189 -9.36855 -13.70063 -0.5121222 1.552711 
  55.28003 -11.12244 -24.70371 -22.92931 0.6346779 7.673409 -10.59392 -7.977978 -5.143477 -10.79826 -8.540339 -14.98511 -2.040334 
  55.91169 -7.50653 -23.49731 -26.04959 -6.380946 12.26762 1.59639 -2.66444 -2.746081 -12.61788 -2.675559 -2.052943 3.287286 
  55.02736 -8.242559 -22.53218 -25.78957 -3.76178 18.39323 5.395892 -6.317497 -7.667051 -7.808871 -7.968164 -11.40059 1.67661 
  53.76404 -6.157142 -25.42755 -29.16987 -6.848654 13.28856 -5.369503 -21.70647 -23.86246 -24.60873 -7.968164 -15.62444 4.27847 
  55.28003 -6.7705 -21.80834 -21.88922 -3.20053 11.75715 -4.324619 -5.321209 -18.32409 -29.38574 -20.58818 -6.675407 4.154572 
  55.28003 -6.402485 -25.18627 -18.24889 2.054643 8.183877 1.770536 -2.000248 -13.59745 -28.32418 -19.72724 -0.7175646 14.02042 
  54.52203 -4.807754 -24.94499 -23.18933 1.108 19.41417 14.21067 -17.48232 -19.36254 -20.89328 -21.01865 -1.436615 2.419999 
  52.75338 -7.874545 -21.0845 -22.66929 -3.668238 19.41417 5.946815 0.6565205 -16.12103 -18.77017 -11.1178 -2.052943 3.03949 
  52.87971 -8.487904 -13.65686 -19.80903 -6.474488 17.88276 12.00698 -9.914047 -24.90091 -26.20107 -5.536427 -5.750915 -1.420843 
  51.36373 -12.46602 -21.32578 -28.90984 -9.561362 20.94557 14.21067 -14.49021 -25.93935 -18.77017 -10.25686 -13.28024 -11.26015 
  53.00605 -6.034471 -15.20504 -19.54901 -13.42934 8.183877 13.65975 -3.992825 -17.6318 6.117904 6.336176 -11.9142 -5.509481 
  51.61639 -9.223933 -18.17239 -16.57333 -4.135946 6.652474 13.65975 -7.645882 -31.82387 -9.238577 -4.392079 -7.497179 -3.898805 
  52.37439 -5.175769 -7.20611 -17.72885 -14.12624 4.267738 9.803281 -1.668152 -36.3238 -19.30095 -21.01865 -21.59148 -7.244055 
  52.87971 -2.722336 -5.786944 -13.33787 -12.03555 4.419273 1.770536 -10.26606 -21.43943 -29.38574 -11.54827 -6.983572 -4.766092 
  51.2374 -10.45065 -15.85012 -16.57333 -8.813029 7.673409 5.946815 -17.83433 -25.93935 -13.13777 4.905742 0.7205353 -7.863545 
  51.74273 -7.138515 -13.65686 -22.14924 -10.12261 11.75715 6.497739 -12.73015 -21.09328 -11.44812 2.474004 -9.243443 -11.52079 
  51.61639 -11.79423 -23.49731 -27.60973 -6.380946 22.98744 14.76159 -7.977978 -25.24706 -9.36855 4.047482 1.520463 -5.757277 
  52.75338 -9.591948 -19.39554 -19.80903 -7.690529 17.3723 9.803281 -9.210022 -38.40069 -27.7934 1.4727 -7.805343 -9.102527 
  52.62705 -6.157142 -19.8781 -18.50892 -11.24511 19.41417 16.96529 -6.649593 -31.82387 -30.44729 -8.397295 -9.654328 -6.87236 
  52.62705 -6.647829 -21.32578 -23.44936 -12.73244 17.3723 24.67822 -1.336056 -21.78558 -11.5781 4.190524 -8.935278 -10.21761 
  53.13238 -7.383859 -18.17239 -27.60973 -9.935529 27.07119 12.00698 -9.738041 -28.01624 -19.30095 -11.1178 -25.00122 -14.90907 
  51.36373 -11.79423 -19.15426 -24.48945 -11.05803 14.30949 7.599586 -1.00396 -11.32623 -11.96802 1.04357 -11.50331 -8.359138 
  51.74273 -7.874545 -17.14027 -25.0095 -14.82313 8.694345 3.192197 -5.653305 -16.9395 -17.17783 -5.67947 -11.70876 -6.005074 
  51.74273 -9.101261 -18.6717 -26.30961 -11.6871 10.22575 6.497739 -4.989113 -23.17017 -15.47729 -0.9590378 2.720354 3.782878 
  52.24805 -8.119888 -17.26929 -23.9694 -11.6871 5.631538 -0.6675262 -4.989113 -15.36395 -19.83172 2.044873 -7.805343 -6.128972 
  51.2374 -9.223933 -13.65686 -20.5891 -12.03555 14.81996 9.252357 0.6565205 -18.67024 -18.77017 0.7574825 -7.086293 -8.978628 
  53.38504 -8.97859 -13.39883 -10.56462 -3.294071 12.26762 6.497739 -5.985401 -21.78558 -18.77017 0.4713964 -11.70876 -1.792538 
  54.26937 -9.469276 -13.39883 -13.80008 -18.30761 -7.703387 7.599586 1.652809 -20.74713 -12.48791 9.253211 -13.28024 -9.350323 
  54.7747 -1.863635 -7.851185 -8.71579 -16.21692 -10.43099 -7.110975 -4.657017 -16.2472 -9.498524 -6.680774 -4.7237 0.1898327 
  59.33258 7.194134 2.331137 2.377205 -12.73244 -13.76472 -2.408998 -19.7704 -25.24706 -8.97863 -2.961646 2.720354 1.67661 
  61.99548 10.52467 4.690932 11.85247 -16.56537 -16.41332 -11.11636 -36.95033 -28.36239 -7.418951 1.615744 -0.5121222 0.6854248 
  71.31562 5.128648 -7.72217 37.95969 -19.7014 -10.27945 -7.807565 -37.87083 -5.648192 -4.16962 -6.680774 5.5201 2.419999 
  83.56496 -4.685082 -21.0845 61.69352 -33.63932 -11.64325 -25.63004 -37.41058 8.182322 -6.899058 -13.70063 -14.55889 23.7225 
  83.29867 -1.004933 -11.07656 49.8266 -22.14054 -14.64758 -17.55981 -32.80804 11.36642 -14.56748 -14.56158 -19.24728 32.54258 
  85.96156 -5.175769 -6.044974 52.19999 -17.61072 -19.50336 -22.63981 -33.2683 10.7296 -15.86721 -13.70063 -21.37837 33.42458 
  87.82559 -4.807754 -5.915959 47.45322 -9.187196 -25.242 -23.49416 -29.62675 13.91369 -17.17783 -16.28346 -15.62444 22.84049 
  89.95592 -4.807754 -12.10868 41.1242 1.581321 -21.26909 -22.21264 -26.28263 4.361406 -20.89328 -14.13111 -9.962493 21.51748 
  91.23301 -12.46602 -3.722703 34.79517 11.9944 -26.12486 -25.63004 -20.12241 3.087768 -16.51708 -24.46243 6.719991 8.728375 
  89.15704 -14.48139 2.331137 27.67503 19.56754 -25.68343 -29.47462 -12.73015 5.635045 -22.48562 -24.8929 14.71927 8.728375 
  87.5593 -10.45065 -3.593688 26.8839 20.04086 -21.26909 -32.03767 -10.97008 12.00324 -24.07795 -24.8929 12.71945 19.31247 
  84.09753 -3.581038 -9.528381 30.83954 20.98751 -9.673319 -34.60072 -19.7704 5.635045 -18.77017 -13.70063 8.71981 19.75347 
  83.83125 -1.740963 -8.754291 27.67503 14.36101 -12.70398 -18.77884 -33.72855 3.087768 -6.769085 -3.390776 5.5201 9.610383 
  85.42899 1.203156 -8.883306 18.18149 12.46772 -9.673319 -25.20286 -39.71185 8.81914 -13.65767 9.253211 5.920064 4.650165 
  89.95592 0.589798 -6.044974 6.768181 11.04775 -9.673319 -12.68369 -51.21818 3.724587 -13.13777 16.75643 -2.463829 3.906776 
  94.10238 0.2217827 -4.367779 0.06616402 5.841216 -17.29619 -6.936829 -51.21818 -0.9795799 -10.79826 16.4563 8.71981 -4.518296 
  96.65293 2.061857 -6.819065 -2.938189 -1.236156 -19.50336 0.02906418 -50.75792 -0.2225075 -10.53831 14.05527 8.319846 -6.624564 
  97.76879 0.9578123 -6.044974 -5.711437 -6.474488 -17.73762 1.248095 -41.09261 -11.07388 -5.729299 8.953082 3.920245 -4.88999 
  96.97175 2.184529 -6.819065 -4.787021 -10.87094 -15.97189 1.944685 -42.01311 -20.05483 -6.639112 14.05527 -0.3066788 -6.500666 
  95.53706 2.429873 -8.496261 -4.093709 -11.15157 -13.61318 -3.453882 -42.93362 -21.78558 -7.159004 12.55463 -0.923008 -9.350323 
  92.34888 6.361499 -12.2377 1.683893 -10.96449 -18.62049 -8.330007 -34.1888 -14.22834 -20.89328 13.45501 -3.901929 -8.854731 
  90.48849 6.916589 -10.68952 4.226036 -13.42934 -18.62049 -4.498766 -38.79134 -11.32623 -13.91761 2.760091 -11.50331 -5.261684 
  88.89075 5.80641 -6.819065 0.9905796 -4.603655 -15.53045 -11.29051 -27.86668 -16.9395 -21.95484 8.652953 -8.216228 -19.60052 
  92.18947 -11.79423 6.578767 -5.942541 -1.610322 -1.338991 -24.34851 -18.36235 -25.24706 -19.30095 10.75385 -13.70646 -15.1697 
  92.98651 -21.87109 18.37774 -21.36917 -2.826364 5.328472 -23.49416 -13.25817 -26.2855 -20.89328 9.853468 -1.12845 -4.766092 
  92.50829 -25.90183 18.8497 -22.66929 4.894573 2.600874 -13.38028 -10.61807 -24.20861 -9.628496 9.853468 13.51937 14.02042 
  91.39242 -26.57362 22.62537 -18.24889 9.154468 -0.5813246 -10.59392 -11.3221 -21.43943 -7.418951 6.765306 16.31912 14.90243 
  90.91419 -27.9172 22.62537 -21.10915 4.894573 -1.035925 -10.41978 -8.858009 -17.6318 -1.050261 7.194435 8.319846 9.610383 
  91.0736 -31.27615 22.62537 -20.84912 5.367894 -1.490524 -15.47005 -10.44207 -20.05483 -1.960074 2.617047 0.7205353 19.31247 
  91.23301 -29.93257 19.79362 -20.32908 0.07342815 4.267738 -18.6047 -13.43417 -20.05483 -6.249191 4.619655 4.720173 9.610383 
  90.75478 -27.9172 15.07403 -18.76894 4.421251 3.661606 -19.47544 -18.53835 -29.40084 -3.909673 5.334871 2.720354 2.915591 
  91.71124 -27.24541 9.410521 -1.551565 6.314538 1.540141 -10.94222 -21.53046 -20.74713 2.818007 1.186613 -2.463829 1.057119 
  93.94297 -18.51213 7.522686 -0.8582516 8.681146 -5.733455 -25.20286 -22.5865 -8.676481 -1.050261 4.190524 0.3096495 -6.87236 
  95.21825 -8.119888 -0.02865691 -0.6271477 3.001286 -1.642057 -35.0279 -38.33109 -1.231937 1.87518 1.90183 1.120499 -11.52079 
  96.1747 -8.487904 -3.980734 3.30162 -0.3007383 -3.915056 -35.88225 -42.93362 17.73461 6.589317 5.477915 -6.778129 -11.78143 
  97.13116 -8.610575 -4.496794 4.226036 -0.2071972 -5.278855 -34.60072 -42.01311 24.1028 9.4178 2.33096 -11.09243 -15.1697 
  97.44997 -9.837291 -5.399899 6.074869 -0.7684469 -2.551257 -30.75615 -41.09261 25.37644 5.64649 0.04226589 -14.34579 -17.77607 
  97.13116 -11.12244 -6.432019 5.150454 -4.229488 -1.035925 -31.18332 -43.39387 31.74463 3.289421 -0.5299072 -12.32509 -16.99416 
  97.13116 -11.79423 -5.270884 5.150454 -2.265113 -2.70279 -28.62027 -45.23489 36.83919 -0.270422 -7.252947 -12.64092 -17.77607 
  97.29057 -10.45065 -5.399899 6.999285 -5.071363 -0.8843908 -26.91157 -42.01311 36.20237 -4.039646 -10.25686 -11.9142 -15.43034 
  96.49352 -11.12244 -5.786944 7.230389 -4.977821 -0.1267252 -23.49416 -42.93362 40.02328 -0.5303688 -11.97875 -7.908064 -14.64843 
  96.49352 -11.12244 -5.528914 5.381557 -4.042405 -3.15739 -24.34851 -38.79134 30.471 5.175076 -13.70063 -0.8202858 -12.82397 
  96.49352 -11.79423 -5.399899 8.38591 -1.703863 -9.218719 -23.92134 -32.34779 29.19736 -3.779699 -8.397295 -1.950222 -10.73888 
  96.1747 -11.12244 -5.786944 11.85247 -4.042405 -9.521786 -21.78546 -34.1888 29.19736 -7.159004 -6.394687 5.5201 -8.111341 
  94.4212 -8.733246 -3.464673 12.6436 -4.042405 -6.642654 -23.92134 -26.98665 20.91871 -8.718683 -4.678166 7.519919 -5.013888 
  93.94297 -8.487904 -3.206643 15.80811 -2.732821 -8.006454 -19.64958 -31.42729 20.91871 -16.64705 -3.247732 10.71963 -8.235239 
  92.98651 -9.837291 1.38722 19.76375 -3.481155 -3.763523 -23.92134 -36.49007 20.91871 -15.99719 -6.251644 9.119774 -1.792538 
  91.39242 -5.543784 2.331137 20.55488 -9.187196 -0.7328577 -27.33874 -23.99455 18.37143 -16.12716 -10.25686 4.720173 -8.235239 
  91.23301 -7.751873 6.578767 22.13713 -12.384 -3.308923 -26.91157 -14.1382 13.91369 -10.53831 -8.969468 -8.010786 -9.969813 
  90.75478 -9.71462 9.88248 18.18149 -9.748446 0.176342 -23.06699 -11.67411 -0.474865 -4.299593 -7.682077 -12.85402 -3.403213 
  91.55183 -17.84034 18.37774 7.923702 -3.013447 3.055473 -20.50393 -12.20213 -1.358116 -13.39772 -4.105993 -4.210093 -10.99952 
  90.75478 -23.88646 19.32166 4.457142 1.581321 8.183877 -12.33539 -5.985401 -3.755511 -13.52769 -6.53773 1.920426 -9.350323 
  90.91419 -31.94794 17.43382 1.221684 3.474608 1.99474 -10.07148 -10.26606 -2.746081 8.003558 -7.968164 3.920245 5.393554 
  91.0736 -37.99406 19.32166 -0.6271477 -1.049072 -0.1267252 -12.16125 -17.65832 -9.559732 -5.339379 -15.85299 -10.88699 -0.677454 
  92.18947 -40.00943 20.73753 4.226036 -1.049072 -4.824256 -15.2959 -23.64253 -8.550303 -0.7903147 -14.13111 -10.78426 -0.1818619 
  92.50829 -43.36838 18.37774 3.763828 -1.423239 -2.551257 -16.86322 -19.41838 -13.97599 -3.38978 -18.00535 -6.264522 -0.9252501 
  92.50829 -43.36838 15.54599 3.532724 -5.539071 -8.309521 -11.81295 -13.43417 -14.98542 3.289421 -17.14441 -19.46039 -1.792538 
  92.66769 -42.0248 20.26557 11.62137 -3.855321 -1.035925 -10.41978 -17.65832 -13.97599 8.946385 -14.56158 -15.19822 -9.969813 
  92.18947 -42.69659 20.26557 12.6436 -1.236156 -3.15739 -11.11636 -15.89826 -10.69534 8.474973 -19.29677 -12.22236 -2.535926 
  92.34888 -45.38375 14.13011 5.612661 -15.52003 -3.005857 -11.63881 -13.61018 -9.433554 11.30345 -5.393383 0.2069283 -2.164231 
  91.55183 -46.05555 13.18619 11.62137 -15.17158 -13.15858 -1.71241 -5.321209 -24.20861 14.13194 -3.819906 -6.572686 -5.757277 
  92.98651 -48.74271 7.994644 11.85247 -16.21692 -10.27945 1.422243 1.320713 -26.2855 7.060731 -0.8159943 -11.40059 1.428814 
  90.75478 -52.10166 0.9152607 6.768181 -4.416571 -6.491121 5.395892 -0.007671356 -17.97795 18.84608 -0.6729507 -12.42781 -8.854731 
  90.2222 -53.44524 -4.496794 7.692598 -5.632613 -17.29619 -4.498766 -3.660729 -18.67024 8.474973 -2.818602 -5.853636 -10.73888 
  91.87065 -47.39912 -6.690049 6.999285 -10.21615 -30.98064 -10.76807 -12.37813 -33.55462 8.003558 -1.245125 -10.88699 -11.78143 
  93.14592 -30.60436 9.410521 18.97262 10.10111 -13.46165 -16.68908 -16.07426 -12.58802 8.946385 -5.107296 -16.90309 -4.766092 
  97.29057 -16.49677 0.9152607 19.76375 3.947929 -11.94632 -32.89202 -27.86668 -10.82152 11.30345 -3.676863 -10.98971 0.3137302 
  99.36288 -13.13781 -3.851718 16.59924 -0.5813637 -8.76412 -35.45508 -32.34779 -4.386405 12.24628 3.618351 -14.55889 -6.128972 
  100.7976 -11.12244 -5.915959 11.39026 -8.719487 -4.672722 -30.75615 -34.1888 -4.764941 12.24628 11.65424 -11.09243 -9.226424 
  100.1599 -9.101261 -7.20611 10.00364 -18.30761 -6.642654 -26.05721 -31.42729 -14.35452 13.18911 20.05784 -2.669271 -11.52079 
  100.4788 -7.874545 -8.625276 1.914997 -20.04985 -10.27945 -11.11636 -36.49007 -18.32409 11.30345 24.25964 -0.3066788 -11.26015 
  100.4788 -9.346604 -6.044974 0.2972679 -22.14054 -14.64758 -4.847061 -33.2683 -15.99485 3.289421 18.85733 -0.8202858 -9.350323 
  99.6817 -7.138515 -4.238764 -1.782668 -21.79209 -19.06192 2.641273 -27.69068 -14.4807 2.346594 8.352825 -2.155664 -0.3057594 
  98.88466 -4.807754 -1.916492 -4.787021 -20.3983 -17.73762 4.294044 -26.63464 -11.45241 -3.38978 6.765306 1.120499 1.304915 
  97.44997 -2.96768 1.38722 -2.707085 -22.14054 -21.26909 3.192197 -21.70647 -13.34509 -2.090048 -2.389472 -0.7175646 3.906776 
  95.05884 -2.476993 1.859179 3.532724 -26.67036 -15.53045 -3.279736 -18.71436 -16.2472 -7.678898 -10.25686 2.32039 10.49239 
  92.66769 -4.194396 -5.786944 10.92805 -19.00451 -6.945721 -8.678302 -11.85011 -23.86246 -19.30095 -3.819906 4.720173 8.728375 
  90.91419 -1.740963 -6.044974 17.39036 -14.12624 -4.672722 -9.897333 -10.26606 -18.67024 -21.95484 2.33096 10.31966 -0.9252501 
  90.2222 -0.02356052 -2.948613 15.80811 -13.77779 -1.187458 -13.55443 -12.73015 -12.84038 -19.83172 3.18922 -0.8202858 -13.60588 
  89.95592 1.4485 -1.916492 16.59924 -17.61072 0.4794083 -15.2959 -12.55414 -11.57859 -19.83172 5.907045 -6.059079 -12.82397 
  88.35818 2.429873 -0.9725747 22.92826 -18.65606 -10.12792 -7.285123 -20.82644 -14.85924 -7.548924 0.7574825 -11.60604 -5.757277 
  88.35818 5.005977 -5.012854 23.71939 -20.3983 -13.61318 -4.150472 -15.01823 -15.23777 -4.16962 -4.392079 -22.65702 6.523357 
  88.89075 5.528865 -6.94808 22.13713 -18.30761 -11.34019 -9.549038 -13.96219 -1.484295 -9.498524 -9.970772 -19.24728 6.523357 
  89.95592 4.883305 -9.012321 22.13713 -20.3983 -0.1267252 -5.54365 -23.81854 -9.433554 -9.758471 -8.826425 -10.4761 9.169379 
  88.89075 6.361499 -6.690049 22.13713 -18.65606 4.267738 -7.807565 -30.96703 -11.70477 -11.0582 -5.965557 -10.27066 8.287372 
  87.82559 7.749224 -4.109749 20.55488 -20.04985 3.207006 -6.936829 -34.1888 -15.1116 -12.48791 -7.682077 -7.908064 8.728375 
  89.42334 3.411245 -6.432019 22.92826 -12.03555 -16.41332 16.96529 -47.53615 -7.79323 -24.07795 -1.388168 -19.24728 25.48652 
  94.26179 -5.175769 -7.72217 22.13713 0.2605114 -35.39497 4.844968 -40.63235 1.814129 -18.77017 -5.67947 -12.42781 11.8154 
  96.97175 -6.157142 -9.27035 13.43473 8.207824 -36.71928 -10.59392 -42.01311 10.09278 -3.649727 -12.83969 -8.832557 -3.279315 
  97.44997 -3.581038 -8.754291 3.532724 9.154468 -32.74637 -11.63881 -43.85413 6.271864 5.64649 -9.398599 -3.799208 -10.47825 
  98.08761 -2.599665 -8.883306 -2.244877 6.314538 -30.5392 -2.93144 -47.0759 -1.736652 4.703662 -0.6729507 8.319846 -20.1218 
  97.9282 -1.49562 -7.20611 -8.022477 -1.703863 -23.03483 5.395892 -52.59894 -6.279085 -4.689512 5.477915 15.91916 -18.0367 
  96.33411 -0.3915749 -4.754824 -10.79573 -3.948863 -20.38622 2.641273 -44.77463 -5.774371 -14.9574 10.45372 20.71872 -16.47289 
  95.53706 -0.02356052 -5.270884 -9.871309 -7.690529 -19.06192 -1.71241 -32.80804 -2.87226 -25.13951 9.553339 25.91825 -8.978628 
  94.26179 1.203156 -6.173989 -2.244877 -12.73244 -23.9177 -0.1450844 -29.27473 4.998225 -33.63197 12.55463 15.11923 -7.120156 
  92.18947 4.760633 -10.30247 5.150454 -13.77779 -23.9177 3.743121 -30.96703 -0.3486862 -30.97807 12.85475 -0.7175646 -2.659824 
  89.42334 5.80641 -9.657396 10.00364 -8.719487 -14.64758 -3.453882 -22.41049 -7.288515 -32.5704 -0.6729507 -3.696486 5.269655 
  87.5593 10.80222 -15.97913 13.43473 -5.445529 -12.09785 -1.189968 -22.5865 -8.171766 -33.10118 0.04226589 -14.98511 8.287372 
  85.96156 13.02258 -16.49519 9.310326 -7.503446 -9.521786 -2.583145 -19.41838 -9.055017 -21.95484 -0.8159943 -12.42781 5.269655 
  83.56496 8.859404 -17.3983 12.6436 -11.6871 0.3278751 -0.4933777 -22.5865 -6.909979 -9.108603 2.617047 -16.47687 7.846368 
  82.23351 4.147275 -17.65633 9.54143 -11.33865 4.72234 -2.583145 -16.25027 -4.007869 1.403766 -0.8159943 -14.34579 14.02042 
  80.90205 7.749224 -18.43042 7.692598 -10.49678 -2.70279 1.422243 -14.66622 -12.96656 -15.08737 -5.536427 -12.11964 4.650165 
  78.50545 5.25132 -18.43042 9.310326 -9.748446 -13.46165 -8.15586 -26.63464 -17.28565 -21.95484 -1.817298 -10.37338 -4.88999 
  84.63011 -17.84034 7.050727 -4.324813 -0.02011395 2.90394 -16.68908 -27.51467 -19.36254 -27.7934 -14.13111 -9.962493 -3.403213 
  88.09189 -23.88646 4.218973 -1.782668 -5.258446 -7.097254 -25.63004 -32.80804 -17.6318 -29.38574 0.3283529 -8.31895 -3.031518 
  89.42334 -27.9172 1.859179 5.843765 -3.387613 -7.097254 -20.50393 -21.70647 -11.83095 -24.60873 -8.254251 -22.0177 2.296101 
  88.89075 -21.1993 -5.399899 5.150454 4.421251 8.694345 -7.110975 -12.90615 -7.162336 -18.23939 -15.85299 -14.34579 5.517451 
  88.35818 -4.439739 -1.916492 5.612661 5.841216 8.694345 -20.50393 -18.18634 -6.7838 -15.21735 -2.532516 -0.7175646 6.964361 
  87.29301 0.3444548 0.443302 13.43473 3.001286 0.6309414 -24.34851 -25.22659 -6.152906 -18.77017 17.65681 1.920426 11.3744 
  88.35818 1.571171 -2.819598 14.22585 -1.329697 -3.915056 -33.74638 -28.3947 8.182322 -7.418951 15.85604 -7.805343 16.22544 
  90.91419 2.429873 -7.335125 6.537077 11.52108 -18.62049 -38.87248 -32.34779 19.64507 -11.0582 17.05655 -21.16526 17.98945 
  92.66769 1.816514 -17.14027 17.39036 4.421251 -27.44917 -35.0279 -47.9964 32.38145 -10.79826 8.052696 -16.47687 15.78444 
  93.46474 3.779261 -26.39267 24.51052 -8.532404 -12.70398 -41.86271 -49.83742 22.19235 -14.04759 14.65553 -8.832557 15.34343 
  92.8271 5.128648 -24.94499 24.51052 -9.654903 -6.642654 -46.13446 -45.69514 18.37143 -14.9574 16.15617 -6.983572 10.05139 
  89.42334 6.083955 -16.88224 19.76375 -9.093654 -7.85492 -38.4453 -45.69514 19.64507 -12.61788 6.479219 0.6178141 2.172202 
  88.89075 -9.101261 3.275055 -1.782668 8.207824 -4.218122 -35.0279 -18.89037 -11.45241 6.589317 5.048785 3.920245 1.800508 
  89.95592 -20.52751 15.07403 -6.404749 18.14758 -8.157988 -30.32897 -4.324921 -10.9477 -9.36855 -2.818602 -1.539336 -14.90907 
  86.49414 -20.52751 15.07403 -13.33787 17.67426 -1.642057 -23.49416 -4.324921 -11.57859 -14.9574 -17.14441 -8.113507 -14.38779 
  85.1627 -25.23004 13.65815 -26.82966 17.20094 -13.31012 -12.16125 -5.321209 -13.47127 -9.238577 -13.27016 -5.750915 6.523357 
  85.96156 -25.23004 14.13011 -27.86975 23.82744 -15.08902 -20.93111 -12.20213 -4.512584 -0.1404476 -10.11382 -3.901929 6.523357 
  84.36383 -27.24541 14.13011 -32.55017 27.61401 -23.03483 -29.90179 -20.12241 -19.36254 -2.869887 3.332264 -1.539336 5.64135 
  84.36383 -29.26078 16.01795 -34.37033 30.45394 -13.31012 -37.16378 -17.1303 -18.67024 -0.6603413 -5.67947 -9.75705 9.610383 
  82.76608 -27.24541 25.92908 -27.86975 29.98062 -12.85552 -40.58118 -25.05058 -18.32409 -7.159004 -16.71394 -12.01692 5.517451 
  83.83125 -29.93257 27.81692 -18.50892 16.25429 -13.76472 -46.98882 -24.87458 -14.98542 -17.17783 -15.42252 -2.56655 16.66644 
  84.09753 -35.3069 19.79362 -21.6292 7.734502 -6.794188 -38.01813 -38.33109 -14.4807 -5.079432 -16.71394 -5.956357 22.84049 
  85.69527 -39.33764 6.578767 -10.10241 5.841216 -17.29619 -35.0279 -37.41058 -9.181196 -3.779699 -9.684685 -20.52594 10.49239 
  84.89641 -37.99406 5.63485 -2.013772 1.108 -14.64758 -36.30943 -33.2683 -8.424124 -3.779699 -1.388168 -13.06713 8.728375 
  84.63011 -29.93257 12.71423 6.537077 8.207824 -10.12792 -40.58118 -21.53046 5.635045 -2.090048 1.329657 -5.956357 -8.111341 
  89.68962 -14.48139 8.938561 6.999285 15.30765 -3.915056 -31.6105 -48.91691 -5.522014 3.289421 14.3554 -3.285601 -12.3027 
  91.87065 -11.12244 4.218973 8.154806 4.421251 1.085541 -36.30943 -52.13868 3.724587 -12.35793 10.45372 -0.2039576 -14.12716 
  92.8271 -9.959963 2.331137 10.46585 -2.171572 5.631538 -37.16378 -49.37716 0.5404905 -20.3625 11.65424 -2.258386 -19.07925 
  89.95592 -7.138515 4.218973 11.85247 -2.265113 10.22575 -32.46485 -50.29767 -4.89112 -28.32418 15.85604 -3.799208 -21.16434 
  85.96156 -6.7705 3.275055 4.688246 6.314538 9.204813 -19.12714 -47.0759 -8.045588 -35.2243 12.55463 3.520281 -21.68561 
  80.90205 -7.383859 4.218973 7.692598 5.841216 5.480005 -18.6047 -36.95033 4.361406 -23.54717 13.15488 17.91898 -10.47825 
  78.50545 -2.354321 7.050727 6.999285 0.07342815 11.75715 -21.35828 -29.97876 4.998225 -24.60873 13.75514 10.31966 2.419999 
  77.97287 0.7124691 11.77032 11.62137 -0.2071972 14.30949 -14.42516 -47.0759 2.450948 -6.899058 5.334871 3.920245 -3.527111 
  80.63577 -0.5142469 3.747014 17.39036 3.947929 7.673409 -6.066092 -54.43995 -8.297945 4.703662 9.553339 -3.388322 -1.668639 
  82.4998 3.165902 -4.496794 17.39036 -3.013447 14.30949 -14.77346 -59.96299 -9.81209 -10.79826 11.65424 20.31876 -17.25479 
  87.29301 6.639044 -15.07603 23.71939 -8.625946 5.631538 -7.285123 -58.58223 -16.9395 -15.73724 11.05398 15.11923 -13.34525 
  89.95592 8.026769 -18.43042 17.39036 -10.96449 2.146274 -5.369503 -49.83742 -16.2472 -18.23939 15.55591 14.71927 -6.624564 
  89.42334 8.304314 -15.07603 14.22585 -8.532404 -5.278855 -3.279736 -46.61565 -15.99485 -12.35793 9.553339 7.119955 1.800508 
  88.35818 9.414494 -8.883306 14.22585 -13.42934 -9.673319 0.2032108 -47.53615 -7.540873 -17.17783 1.90183 2.32039 11.3744 
  87.02673 13.02258 -8.496261 11.39026 -14.12624 -10.43099 -0.4933777 -40.63235 -3.376975 -20.3625 -4.964253 6.719991 14.02042 
  84.89641 16.07557 -3.206643 5.381557 -11.24511 -13.76472 -3.976324 -26.45864 -6.7838 -23.54717 -6.823817 3.520281 12.69741 
  83.56496 16.90821 -0.9725747 7.461494 -19.00451 -13.76472 3.743121 -26.81065 -7.919409 -15.60727 -10.68733 2.32039 7.846368 
  82.23351 17.74084 -3.980734 9.54143 -17.61072 -19.94479 7.599586 -17.65832 -8.171766 -15.60727 -20.15771 10.71963 4.154572 
  80.10319 16.07557 -2.432552 9.079222 -20.04985 -13.46165 6.497739 -14.66622 -6.7838 -7.418951 -22.74054 6.719991 2.667795 
  76.64142 18.85102 -0.5006158 -2.475981 -18.65606 -11.79478 5.395892 -10.44207 -7.162336 -15.73724 -14.99205 3.520281 -2.783722 
  73.97852 20.23874 1.859179 -13.10677 -18.65606 -9.673319 -0.4933777 -17.30631 -12.7142 -13.91761 -13.27016 4.720173 4.897961 
  72.38078 18.57347 0.443302 -10.79573 -15.86848 -8.006454 2.467127 -18.71436 -17.97795 -17.17783 -1.960341 3.920245 4.526267 
  73.97852 19.9612 4.690932 -8.71579 -17.95916 -7.248787 1.770536 -20.82644 -16.9395 -25.13951 -3.533819 3.120318 1.304915 
  75.84255 20.23874 7.522686 -3.862605 -18.65606 -12.85552 -4.324619 -19.06637 -9.938269 -23.54717 0.04226589 -1.12845 6.964361 
  80.10319 19.68365 3.275055 0.06616402 -14.82313 -27.00773 1.248095 -13.25817 -0.09632874 -37.34741 12.55463 6.320027 4.030674 
  83.83125 17.74084 2.331137 -5.480333 -4.042405 -42.01648 7.048663 -11.14609 12.64006 -50.61687 19.75771 4.720173 3.658979 
  85.42899 16.35312 1.859179 -10.79573 5.367894 -41.57505 4.294044 -12.55414 10.7296 -46.37065 14.3554 3.920245 5.64135 
  84.63011 19.9612 -4.238764 -8.484686 10.10111 -33.62924 3.192197 -18.71436 2.450948 -39.47053 5.764002 6.320027 9.610383 
  83.03238 22.73665 -12.2377 2.146101 7.734502 -17.29619 -8.504154 -21.88247 -0.7272224 -29.91652 3.046177 13.11941 10.05139 
  83.56496 21.90401 -17.65633 10.92805 5.367894 -11.79478 -12.16125 -22.5865 -3.755511 -25.67029 8.953082 5.920064 12.25641 
  83.03238 22.4591 -15.33406 10.69695 1.581321 -6.945721 -10.76807 -32.80804 1.17731 -11.31815 -0.2438211 5.5201 12.25641 
  82.76608 22.73665 -17.01125 16.59924 -1.049072 -9.370253 -14.94761 -28.74672 12.00324 -15.60727 -15.42252 0.3096495 20.63548 
  83.29867 21.07138 -19.63682 20.55488 4.894573 -11.49172 -17.03737 -30.96703 14.55051 -14.82743 -19.72724 -8.31895 22.39949 
  82.4998 22.18156 -21.80834 20.55488 11.04775 -12.40092 -23.92134 -30.50678 11.36642 -1.570154 -20.58818 -11.09243 24.1635 
  83.29867 20.23874 -24.70371 22.13713 11.9944 -20.38622 -17.21152 -24.17055 15.82415 -1.440181 -26.61479 -12.22236 24.60451 
  83.83125 16.35312 -24.94499 24.51052 11.52108 -24.35913 -6.588533 -28.2187 12.00324 -0.4003944 -26.61479 -2.155664 21.51748 
  83.83125 13.85521 -25.91011 31.63066 7.261181 -33.62924 -7.633418 -21.53046 17.09779 1.403766 -22.74054 -8.421671 20.63548 
  83.83125 13.57767 -26.39267 32.42179 3.001286 -35.39497 -2.583145 -24.87458 9.45596 -2.869887 -20.15771 -8.729836 24.60451 
  83.56496 12.74503 -26.39267 37.16856 -0.5813637 -35.83641 -5.369503 -22.23449 8.182322 -2.869887 -30.48903 -14.13268 19.75347 
  82.4998 13.02258 -26.15139 34.79517 -4.977821 -31.8635 -7.807565 -13.61018 9.45596 -6.639112 -37.80705 -14.13268 24.1635 
  80.90205 12.74503 -26.63395 28.46615 -3.106988 -27.44917 -9.723186 -2.332344 10.7296 -13.13777 -29.62809 -11.70876 25.04551 
  79.8369 14.13276 -20.60194 27.67503 -2.919905 -21.71053 -8.852448 0.9886166 1.17731 -24.60873 -30.48903 -22.65702 25.92752 
  77.70658 13.85521 -11.46361 22.92826 1.581321 -14.20615 -8.504154 7.630539 -11.32623 -23.54717 -21.8796 -25.00122 31.66057 
  77.174 15.79803 -15.20504 20.55488 7.261181 -23.03483 -10.76807 11.2836 -3.503154 -20.89328 -18.43582 -16.68998 15.78444 
  75.84255 16.07557 -11.59262 16.59924 7.261181 -25.68343 -15.2959 6.966347 -5.648192 -16.64705 -11.54827 -19.03418 14.02042 
  76.64142 16.07557 -11.46361 14.22585 5.367894 -21.26909 -18.08226 4.309578 -4.007869 -23.54717 -20.15771 -20.52594 20.19447 
  75.30997 17.4633 -8.109215 13.43473 8.207824 -20.38622 -25.63004 12.94408 -1.98901 -22.48562 -13.70063 -23.50946 17.10745 
  74.24481 18.57347 -3.980734 15.01698 1.581321 -19.94479 -19.64958 10.9515 1.17731 -15.60727 -20.58818 -21.16526 16.66644 
  74.24481 18.57347 -0.02865691 9.772533 -2.732821 -16.41332 -14.94761 5.305867 4.361406 -14.9574 -19.72724 -18.82107 15.34343 
  73.17965 16.90821 0.443302 14.22585 0.3540525 -21.26909 -10.59392 5.305867 6.271864 -22.48562 -18.86629 -23.08324 4.402369 
  76.37513 13.02258 -14.55997 32.42179 3.001286 -32.30494 -19.64958 -2.332344 7.545503 -16.38711 -23.17101 -19.46039 2.667795 
  79.03802 9.414494 -18.43042 36.37743 -1.236156 -33.62924 -22.63981 -3.328633 6.271864 -9.238577 -25.32337 -16.90309 10.05139 
  81.16835 8.859404 -19.39554 30.83954 0.6346779 -32.74637 -25.63004 -7.977978 9.45596 -11.5781 -19.72724 -16.90309 10.05139 
  80.90205 7.194134 -17.78535 21.346 6.314538 -29.2149 -31.18332 -11.14609 15.82415 -7.678898 -18.43582 -9.346165 14.02042 
  77.70658 9.969584 -22.04963 16.59924 10.10111 -29.65634 -22.63981 -18.18634 25.37644 -17.70861 -14.56158 -5.956357 13.13841 
  73.17965 9.692039 -16.10815 17.39036 11.04775 -33.62924 -20.07676 -18.53835 12.00324 -12.87783 -11.97875 -9.551607 4.526267 
  70.25047 11.07976 -6.432019 20.55488 5.367894 -17.29619 -14.07687 -12.02612 -11.95713 -22.48562 -18.00535 -9.551607 -0.9252501 
  67.32127 8.304314 -6.94808 19.76375 9.154468 -13.00705 -16.16664 -5.653305 -9.181196 -16.64705 -22.31007 -3.182878 4.650165 
  70.51675 -9.837291 8.466603 3.994932 6.787859 -15.53045 -22.63981 -17.65832 -7.540873 -9.628496 -19.29677 1.520463 -9.226424 
  76.64142 -19.18393 3.747014 -12.64456 1.108 -9.824853 -25.20286 -35.56956 -15.23777 7.532145 -11.97875 0.3096495 -16.99416 
  89.15704 -18.51213 -0.9725747 -20.06906 3.947929 -20.82766 -38.87248 -42.47337 -22.47787 6.589317 14.05527 -8.524393 -18.55798 
  91.0736 -10.20531 -17.01125 -22.66929 -1.890946 -20.82766 -29.47462 -36.49007 -5.774371 24.03163 12.2545 -12.01692 -6.500666 
  90.48849 -2.108978 -30.01188 -9.640206 -13.08089 -8.915653 -29.04744 -28.57071 -7.79323 21.67456 7.909653 -14.55889 -4.88999 
  90.75478 1.080484 -30.73572 -8.946894 -11.33865 -9.370253 -16.34078 -29.27473 -2.493724 19.31749 12.85475 -13.91957 -10.47825 
  90.2222 3.656589 -29.52931 -11.95125 -11.05803 -9.521786 -10.94222 -25.05058 -1.610474 14.60335 6.908348 -14.13268 -7.739647 
  88.35818 8.304314 -32.1834 -11.02683 -11.6871 -8.309521 -9.723186 -22.5865 -5.017299 11.77487 5.477915 -15.62444 -4.766092 
  87.29301 9.692039 -31.94212 -11.95125 -12.384 -12.85552 1.422243 -29.62675 0.5404905 4.232249 14.05527 -20.73904 -8.359138 
  86.49414 9.969584 -33.63108 -13.80008 -13.77779 -10.88559 1.59639 -26.81065 -0.09632874 2.818007 13.45501 -16.90309 -5.757277 
  85.69527 11.9124 -32.1834 -12.41345 -14.47469 -11.79478 1.59639 -30.50678 -9.181196 5.64649 15.25578 -20.95215 -9.969813 
  83.29867 14.4103 -32.1834 -18.76894 -6.661571 -11.64325 5.395892 -25.4026 -11.45241 9.889215 15.85604 -19.6735 -15.43034 
  81.70093 15.52048 -28.56419 -24.22943 -6.287405 -4.521189 -1.886557 -15.89826 -15.1116 12.24628 20.6581 -18.82107 -18.81861 
  79.8369 15.52048 -24.46243 -24.74947 -8.532404 -3.005857 1.422243 -14.3142 -17.28565 15.54618 22.15874 -26.06676 -10.21761 
  79.03802 13.57767 -20.60194 -23.70938 -10.7774 -2.551257 3.743121 -16.42628 -14.73306 8.003558 20.6581 -18.39485 -15.43034 
  77.70658 14.4103 -20.11938 -23.70938 -8.719487 -0.8843908 4.294044 -25.05058 -9.938269 8.003558 17.95694 -17.54242 -12.82397 
  75.84255 15.24294 -18.6717 -25.78957 -5.726154 7.162942 1.248095 -29.09873 -5.648192 12.24628 13.45501 -19.6735 -7.615749 
  74.5111 13.30012 -16.75322 -25.52954 -4.697196 7.162942 -5.195355 -26.45864 3.087768 14.60335 12.55463 -15.62444 -13.08461 
  73.17965 12.74503 -19.15426 -22.66929 -10.40324 7.673409 -2.757294 -24.52257 3.724587 23.56021 8.953082 -10.57882 -12.56334 
  70.51675 9.692039 -21.0845 -21.6292 -6.848654 9.204813 1.073948 -22.7625 -2.367545 29.68859 12.55463 -5.340029 -12.3027 
  68.12014 8.304314 -23.25603 -18.76894 -6.568029 6.652474 -3.279736 -10.97008 -11.07388 17.90325 14.3554 -8.421671 -9.969813 
  66.25611 4.883305 -25.66883 -20.5891 -7.784071 5.480005 -0.6675262 -13.78618 -11.57859 3.760835 13.15488 -6.983572 -15.95161 
  64.65837 0.4671259 -26.87523 -24.48945 -8.158237 13.79902 1.770536 -20.29842 -17.6318 3.289421 21.25836 -6.88085 -16.21225 
  64.12579 0.7124691 -28.08163 -25.0095 -3.948863 19.41417 3.743121 -27.51467 -28.01624 -3.38978 9.553339 -9.243443 -22.20689 
  63.32692 -0.5142469 -28.56419 -24.74947 -5.632613 15.33043 -2.408998 -22.23449 -30.78543 -7.418951 15.55591 -16.68998 -20.64307 
  63.06063 -1.372949 -26.87523 -26.30961 -0.7684469 20.94557 4.844968 -11.14609 -26.63165 -7.678898 19.15746 -6.264522 -8.111341 
  60.93032 -3.949053 -25.91011 -22.92931 -8.813029 20.4351 4.294044 -13.78618 -30.78543 -13.0078 4.476611 -11.40059 -12.04206 
  60.39774 -8.610575 -24.22115 -15.41781 -7.129279 10.73622 1.770536 -10.61807 -33.20847 -11.18818 -4.392079 -16.47687 -8.730832 
  59.06629 -6.034471 -19.15426 -13.56897 -9.000113 0.3278751 -3.453882 -5.985401 -16.2472 -5.599325 -2.818602 -20.09972 -26.89834 
  59.59887 -5.053097 -22.04963 -13.10677 -6.006779 11.75715 8.15051 -7.645882 -17.6318 -10.92823 0.614439 -9.448886 -11.78143 
  59.86516 -3.335694 -26.15139 -21.6292 -2.732821 18.39323 3.192197 -25.05058 -16.59335 3.289421 8.052696 -13.49335 -18.55798 
  59.59887 -4.562411 -27.35779 -23.70938 -6.755113 22.98744 12.5579 -14.1382 -15.86867 6.589317 11.35411 -17.54242 -18.29734 
  58.53371 -6.402485 -25.66883 -22.14924 -3.294071 18.9037 11.45605 -18.01033 -20.40098 6.117904 18.5572 -0.923008 -17.25479 
  58.26742 -6.157142 -28.32291 -27.08968 -7.409904 12.77809 5.946815 -17.48232 -24.20861 5.175076 26.9608 4.320209 -10.99952 
  58.53371 -3.458366 -18.43042 -17.49774 -11.33865 6.652474 4.294044 -19.59439 -28.36239 7.532145 25.76029 -1.333893 -14.90907 
  56.54335 -9.591948 -18.17239 -16.11112 -5.913238 12.77809 -0.319231 -10.61807 -13.72363 10.36063 4.476611 -4.7237 -12.3027 
  56.66968 -7.383859 -16.36618 -13.80008 -13.08089 -1.945124 -7.807565 -8.153984 -13.21891 -4.949459 -0.2438211 -5.340029 -11.26015 
  55.65902 -8.610575 -18.17239 -17.98887 -8.90657 2.752407 -1.189968 -3.992825 -9.938269 -3.649727 -2.246428 2.720354 -5.757277 
  55.65902 -5.175769 -12.49573 -14.26229 -8.813029 7.162942 5.395892 -7.977978 -5.648192 -11.0582 -12.40922 -6.572686 -5.757277 
  55.65902 -6.402485 -16.10815 -12.87566 -4.135946 2.449341 3.743121 -1.336056 -16.59335 -6.379165 3.761395 -17.54242 -15.95161 
  54.90103 -6.893172 -15.59209 -11.48904 -2.732821 10.22575 4.844968 -4.657017 -17.6318 -12.22796 -3.390776 -9.962493 -5.385583 
  54.7747 -5.421112 -15.20504 -10.56462 -6.848654 4.419273 -2.757294 -10.09005 -5.143477 -7.288978 2.617047 -5.956357 -7.615749 
  53.89037 -7.997217 -17.52732 -18.76894 -15.86848 0.02480793 -1.71241 -7.977978 -5.017299 2.818007 2.044873 -0.923008 -4.642194 
  53.76404 -7.138515 -13.78588 -7.329165 -2.732821 7.162942 3.743121 2.317001 -3.250796 -10.53831 -4.678166 -11.09243 -7.244055 
  54.14304 -7.261187 -12.36671 -8.484686 -8.345321 3.207006 4.294044 -9.562035 -10.9477 -0.6603413 -0.9590378 -9.243443 -13.86652 
  53.63771 -8.365232 -13.26982 -13.56897 -8.158237 2.752407 -4.150472 -3.660729 -14.98542 -7.029032 -1.531212 -6.88085 -6.87236 
  52.75338 -11.79423 -21.56706 -11.72014 -2.452197 10.22575 6.497739 3.977482 -4.764941 -14.04759 -14.99205 -20.52594 -5.013888 
  53.00605 -13.13781 -19.8781 -14.26229 -9.374279 -0.7328577 4.844968 10.28731 -7.288515 -8.068817 -7.682077 -14.55889 -6.25287 
  52.87971 -10.20531 -16.88224 -14.9556 -8.064695 5.328472 -1.189968 3.645386 -3.88169 0.9323524 -7.252947 -12.64092 -14.90907 
  52.37439 -12.46602 -15.46307 -13.10677 -4.977821 6.142006 5.395892 9.291018 -1.484295 6.117904 9.553339 -14.98511 -15.1697 
  51.36373 -10.45065 -14.94701 -7.329165 -1.236156 4.72234 1.944685 -6.317497 -6.909979 -0.01047516 -0.1007776 -12.11964 -10.21761 
  51.49006 -11.79423 -16.62421 -11.02683 0.6346779 4.570807 -2.93144 4.309578 -5.395835 -9.498524 -9.827728 -0.4094 -13.86652 
  51.74273 -8.610575 -16.10815 -12.87566 -7.877612 3.207006 5.946815 -10.26606 -21.43943 -18.77017 -6.680774 -5.031864 -5.261684 
  52.87971 -6.402485 -11.07656 -10.10241 -4.416571 4.873873 7.048663 -1.668152 -12.08331 -8.848658 2.760091 1.920426 -9.722017 
  51.61639 -9.346604 -12.75376 -8.484686 -6.380946 4.116205 1.59639 -1.336056 -12.84038 0.9323524 3.761395 3.520281 -3.898805 
  52.12172 -9.837291 -15.33406 -8.022477 -12.03555 2.752407 10.90513 6.63425 -15.49013 -7.418951 3.475307 0.7205353 -4.642194 
  50.73207 -11.12244 -17.14027 -15.64891 -18.30761 -5.127322 6.497739 7.962635 1.814129 7.532145 8.953082 5.920064 3.411183 
  50.73207 -9.101261 -12.49573 -13.10677 -6.006779 -3.15739 1.59639 -4.324921 -12.20949 2.818007 5.334871 -7.291736 2.296101 
  51.11107 -8.97859 -13.39883 -11.25793 -7.690529 -3.15739 -2.060703 -0.007671356 -5.648192 3.760835 8.352825 -11.40059 -4.642194 
  50.60574 -10.45065 -17.01125 -14.03118 -9.000113 -2.551257 9.803281 3.645386 -9.433554 -3.519753 2.903133 -4.929143 -6.25287 
  49.59509 -11.12244 -17.14027 -11.25793 -6.474488 10.22575 9.252357 5.305867 -7.919409 -14.30753 1.90183 -5.956357 -3.403213 
  49.97408 -8.733246 -15.33406 -11.95125 -4.229488 6.142006 1.59639 -2.332344 -9.055017 -17.17783 -6.251644 -20.73904 -3.031518 
  59.33258 -14.48139 -28.56419 -16.80443 -14.47469 37.79101 37.34946 -54.9002 -23.51632 -0.270422 9.253211 11.91952 -11.52079 
  58.00113 -9.223933 -21.32578 -11.02683 -17.26227 30.13399 27.98376 -59.96299 -28.36239 7.532145 11.05398 5.920064 -10.99952 
  52.50072 -7.874545 -15.33406 -14.72449 -10.12261 17.88276 20.82176 -17.1303 -19.01639 -2.609941 -7.395991 -10.57882 -12.56334 
  51.2374 -8.855918 -13.26982 -9.640206 -5.726154 6.142006 12.5579 -8.505997 -10.3168 5.64649 5.907045 2.720354 -4.88999 
  49.34242 -9.591948 -12.49573 -11.48904 -13.08089 -5.430388 -0.8416729 -9.386028 -9.433554 -5.339379 2.760091 -0.7175646 -4.766092 
  48.58443 -11.12244 -15.20504 -8.71579 -1.049072 9.204813 6.497739 -3.328633 -6.7838 2.346594 -7.109904 -2.977436 -10.99952 
  49.21609 -9.71462 -9.012321 -3.169292 -4.603655 -4.066589 -1.538261 -2.66444 -3.755511 -8.328764 -12.40922 -10.06521 2.048305 ]
